A,B,C,D,E
0.45404693,0.93089736,0.8851858,0.737685,0.733099
0.36906075,0.8882007,0.92863286,0.7376292,0.75408155
0.45337272,0.9341686,0.89972144,0.7422698,0.7392378
0.36723456,0.9055178,0.93398887,0.7287097,0.7328493
0.45549747,0.93146354,0.89597183,0.7304468,0.7448554
0.3810893,0.90014315,0.9437369,0.73779786,0.74300194
0.43917778,0.9265265,0.8887198,0.7266759,0.7440056
0.3834529,0.90948415,0.92331594,0.7288883,0.74504095
0.4424962,0.92528,0.9072226,0.7387756,0.74340355
0.3817371,0.90184635,0.92857975,0.7384479,0.74144584
0.44226286,0.92804235,0.9044126,0.73856384,0.7420348
0.38027468,0.90697837,0.9290571,0.7339972,0.7457671
0.44290859,0.9255158,0.9041099,0.7356701,0.7459339
0.37930948,0.9008495,0.92234385,0.7294342,0.73722124
0.44780028,0.92522997,0.9088712,0.7462547,0.7535316
0.3716989,0.9004131,0.929303,0.7502769,0.74158084
0.4322753,0.938072,0.9013546,0.7170672,0.7341821
0.40818375,0.9090663,0.9310913,0.7389774,0.7539749
0.41379184,0.9068393,0.90950924,0.7331474,0.73454714
0.40478814,0.92610955,0.921997,0.73468286,0.7472735
0.41813278,0.9176507,0.9194682,0.7423565,0.74562275
0.40443888,0.9124726,0.92353797,0.72926176,0.7358333
0.4251092,0.916938,0.91700715,0.7418065,0.73853594
0.3865149,0.9071602,0.92410237,0.7389872,0.74444085
0.42892218,0.92714,0.90903413,0.72959137,0.73187435
0.39835346,0.9112389,0.92265433,0.7321744,0.74558413
0.4215525,0.92474854,0.9038069,0.74086845,0.7418246
0.401765,0.90938216,0.91705364,0.7370215,0.74587643
0.41689277,0.9215335,0.91769695,0.73601085,0.73768044
0.40497005,0.9136886,0.91875863,0.7343961,0.7296766
0.4213749,0.92328554,0.91466516,0.73875403,0.743897
0.3957771,0.914688,0.9168782,0.7422632,0.7404951
0.41781175,0.9229574,0.9122715,0.73683023,0.7350534
0.40134037,0.91365814,0.9253905,0.7450891,0.74914086
0.41762817,0.92613494,0.9140929,0.74347705,0.7391357
0.4012304,0.9116893,0.93320346,0.7374191,0.7434086
0.4206773,0.9194585,0.90869206,0.74002874,0.74467826
0.40194,0.9093446,0.91801834,0.73295105,0.7407112
0.4212552,0.92256016,0.924743,0.7267433,0.7386056
0.40090272,0.9093807,0.9197561,0.7332947,0.7434262
0.42577413,0.9110015,0.9059358,0.7383567,0.7450317
0.40595704,0.91280526,0.9067573,0.74141115,0.73711604
0.4073401,0.9236333,0.9207977,0.73387617,0.73687965
0.41055933,0.91608155,0.92735624,0.73233265,0.7462776
0.41489872,0.9186398,0.91456175,0.7416023,0.7526877
0.407005,0.90943635,0.91860265,0.7377471,0.73830044
0.41394743,0.91945076,0.90760297,0.7308251,0.7421017
0.41431957,0.9191788,0.91662174,0.7368555,0.7366512
0.41101974,0.9144232,0.9126494,0.74239147,0.7423641
0.39763027,0.9079291,0.9246695,0.74194777,0.74241334
0.41167322,0.92823714,0.92271376,0.73555195,0.7349707
0.41222247,0.91526705,0.9246986,0.7402825,0.74377877
0.40133902,0.92005366,0.91302097,0.7453853,0.743882
0.41702345,0.9221421,0.9112319,0.7343824,0.7444409
0.40758714,0.9105118,0.9261492,0.7289806,0.73833305
0.41294467,0.9146166,0.9135642,0.7353382,0.7448346
0.40865973,0.912531,0.91611135,0.7506314,0.7491646
0.40084043,0.92269474,0.9049478,0.7259187,0.737605
0.43430236,0.9149034,0.91305876,0.7349815,0.7476577
0.38840634,0.89869034,0.91377985,0.73806447,0.7420134
0.42504367,0.92173076,0.8984019,0.73033947,0.73689336
0.41288203,0.91626316,0.932557,0.734333,0.7457676
0.41375166,0.91775143,0.90268636,0.72976065,0.7399414
0.40504116,0.9123709,0.91785747,0.7265147,0.73868144
0.43337244,0.90919447,0.91361225,0.7339526,0.7395478
0.39815807,0.9137308,0.91425776,0.73983413,0.74370503
0.4166054,0.92534095,0.90455157,0.7375712,0.73402387
0.4116493,0.9184302,0.92241424,0.73251826,0.7481534
0.41827568,0.9209817,0.9194414,0.74511963,0.7385789
0.38905084,0.90625834,0.9150312,0.7366021,0.73131496
0.42572892,0.93072855,0.9095613,0.73830086,0.74350107
0.38502732,0.91333044,0.92525816,0.74318415,0.7371872
0.42685896,0.9218142,0.9094593,0.7492633,0.7257737
0.39020336,0.90968347,0.9305856,0.7319336,0.726029
0.43305176,0.9177746,0.9073206,0.74893826,0.748579
0.38006914,0.9016537,0.92693865,0.7352272,0.73779887
0.4429284,0.92535394,0.90348715,0.7343626,0.741036
0.38210443,0.9047517,0.9264499,0.75298315,0.7425644
0.42319363,0.93089074,0.89637834,0.7290146,0.74026066
0.41278136,0.90805066,0.9211717,0.73926926,0.7539255
0.40363148,0.9189839,0.91196036,0.7375335,0.7291671
0.41873848,0.92512554,0.91743016,0.7207398,0.7445051
0.41178495,0.9112578,0.91900253,0.73912835,0.7527358
0.4095895,0.9129,0.91830593,0.7324911,0.7360307
0.41579825,0.9183003,0.9121168,0.7231129,0.7400817
0.41771415,0.9099014,0.9201248,0.7398339,0.74168646
0.40090606,0.92360306,0.9126707,0.73822707,0.7347608
0.42082235,0.9265182,0.9137559,0.7337175,0.7464983
0.41458833,0.9127248,0.9136046,0.74436903,0.7439786
0.39380005,0.9215653,0.9019166,0.72991425,0.7321709
0.42949283,0.9203137,0.9084283,0.7347086,0.7476042
0.39721295,0.908928,0.91998214,0.74196756,0.73561937
0.41182503,0.91380763,0.9049791,0.73034954,0.7357615
0.4147082,0.92399734,0.9125369,0.74299157,0.74565744
0.39897,0.9126382,0.91664517,0.74678206,0.73468107
0.40771022,0.92560196,0.91536206,0.7386034,0.73475647
0.40579534,0.91432077,0.92979556,0.7518648,0.73864305
0.40947562,0.91927856,0.914903,0.74174106,0.72622645
0.40682176,0.9147331,0.9152176,0.73381025,0.73958313
0.41381437,0.92139965,0.91361374,0.7602131,0.7411054
0.38776457,0.91296184,0.92385477,0.7280135,0.7188003
0.43601602,0.9290359,0.9161207,0.74342245,0.75429654
0.37891203,0.899743,0.93099487,0.7519536,0.7341591
0.4329675,0.93230265,0.90155494,0.73340005,0.72039074
0.39002216,0.9140946,0.9341088,0.73627615,0.74315655
0.43232214,0.9164946,0.90853083,0.75189084,0.7336818
0.38762686,0.9069049,0.92457235,0.7423843,0.72360456
0.42264992,0.92885804,0.9044175,0.74046785,0.7437818
0.39840218,0.9163697,0.92693233,0.75690013,0.72753245
0.39947775,0.92150265,0.91469884,0.7318036,0.72803545
0.42521977,0.9224262,0.9175766,0.75671417,0.74597454
0.37700644,0.90702224,0.9206016,0.75848335,0.7166313
0.4320234,0.9384153,0.9156562,0.7332943,0.7295032
0.392613,0.9059301,0.92587584,0.75735694,0.74685484
0.3987074,0.9298829,0.9040491,0.75324297,0.7224245
0.41399655,0.92058885,0.92963177,0.7313496,0.732691
0.4128781,0.9137696,0.92119426,0.75235283,0.75142837
0.4035343,0.9172724,0.91582936,0.742138,0.7280849
0.41031945,0.9190963,0.9149891,0.73587847,0.73436415
0.40526545,0.91095555,0.9223851,0.7359276,0.7479474
0.42023,0.9233283,0.91517085,0.7460291,0.74249226
0.385593,0.9060264,0.9264323,0.72977144,0.73208815
0.4425803,0.92590106,0.9170968,0.74504215,0.7516254
0.37205762,0.90916157,0.9195109,0.7311371,0.7304815
0.44769454,0.9316534,0.902242,0.72979677,0.7413551
0.38289174,0.90499306,0.9419759,0.7420702,0.74160314
0.42911997,0.9181903,0.9079676,0.73635393,0.7348211
0.40552604,0.90813935,0.9257093,0.7441103,0.7415625
0.40825802,0.92152697,0.9088332,0.7472697,0.7340012
0.4114624,0.9227928,0.9068115,0.7331433,0.73705816
0.41699767,0.9103915,0.919301,0.747479,0.7446623
0.39108834,0.9140795,0.9103901,0.7391875,0.72550815
0.43347096,0.9205627,0.91217685,0.73763835,0.73306334
0.38859153,0.90367025,0.9166109,0.7372399,0.74438846
0.4337216,0.92388946,0.9137544,0.73881245,0.7525145
0.39390108,0.91209316,0.9248434,0.7357235,0.7447639
0.43161577,0.9171007,0.9046634,0.72964305,0.7398444
0.40248635,0.9115896,0.92767346,0.74052435,0.74090296
0.42328316,0.9232741,0.90282345,0.74314785,0.73703426
0.38849208,0.9194773,0.9291049,0.74026376,0.73982286
0.43603972,0.9226136,0.91091037,0.743327,0.73204243
0.38122958,0.9048444,0.9284286,0.7460554,0.7443123
0.4219677,0.9309662,0.9053397,0.7400984,0.7401085
0.39185542,0.9088082,0.9314918,0.732574,0.7330715
0.43044505,0.9214229,0.9159423,0.7342392,0.74990505
0.40464288,0.90088356,0.930411,0.7323835,0.74347335
0.42268872,0.91982466,0.9080073,0.72782165,0.7547513
0.40961686,0.90353006,0.9241825,0.7298629,0.75104773
0.42085016,0.9243759,0.90985113,0.7268014,0.74318063
0.4095476,0.90669966,0.91911006,0.73288363,0.74911207
0.41319382,0.90778595,0.9205614,0.7382514,0.74252063
0.41048375,0.9195344,0.9132746,0.7343161,0.7470833
0.40410912,0.9193235,0.9188276,0.7376191,0.74248034
0.41541564,0.9161776,0.9106648,0.73507655,0.7356632
0.4140312,0.91944,0.91937226,0.73024243,0.7359839
0.40751263,0.9228919,0.919276,0.748049,0.75168175
0.4046895,0.92107385,0.9111117,0.74761474,0.73284525
0.4094856,0.9151581,0.92462987,0.7279261,0.72473735
0.41959056,0.91973263,0.9325305,0.74426234,0.7563228
0.39674404,0.9157012,0.9122414,0.7482339,0.7390209
0.4150649,0.9262186,0.9182067,0.72264314,0.7268421
0.42258766,0.91888684,0.9191051,0.74307853,0.74563503
0.40470842,0.91540074,0.91327506,0.7484011,0.7492199
0.41056815,0.9205984,0.9057424,0.740163,0.7335284
0.40564775,0.92082083,0.917283,0.72691774,0.7438708
0.4137151,0.9151696,0.9154753,0.74425423,0.7428839
0.39443704,0.91400886,0.9198432,0.7380319,0.7409343
0.42482424,0.9334377,0.9183658,0.7414083,0.7401524
0.37905598,0.91513306,0.9289917,0.7412905,0.7411464
0.42654282,0.93608725,0.9044181,0.7465473,0.74024844
0.38905323,0.9066881,0.9234156,0.7464872,0.73076695
0.41847652,0.92644376,0.9151404,0.73488796,0.7247556
0.4069298,0.9134064,0.92057574,0.7452118,0.7479773
0.39908513,0.9146512,0.9029768,0.7467681,0.7402328
0.4083744,0.9206227,0.91679597,0.72656214,0.7321626
0.41538242,0.9192126,0.92189103,0.7466972,0.73991674
0.39569435,0.91578245,0.9150887,0.73051894,0.736593
0.43144432,0.9222731,0.9164498,0.73629564,0.73877335
0.39937398,0.9094246,0.9296866,0.73740155,0.7425724
0.4273572,0.91351944,0.91658473,0.74186325,0.7403929
0.38508955,0.9056515,0.9222515,0.7374489,0.7330497
0.42863655,0.9299506,0.9104281,0.7370917,0.7398748
0.39773497,0.9033525,0.9167133,0.7412366,0.7419132
0.4157868,0.9137355,0.9031831,0.73628587,0.7423723
0.41066656,0.9207062,0.92107385,0.74097496,0.7422227
0.4072661,0.91418815,0.9079079,0.74070615,0.7319294
0.4045259,0.9146266,0.91416794,0.73894227,0.73680496
0.41959083,0.9209358,0.91645604,0.7388479,0.73731893
0.39743695,0.91029567,0.9191454,0.7335046,0.7490836
0.42906877,0.92250395,0.9092751,0.7451754,0.7467549
0.3870047,0.9119694,0.92503303,0.73324275,0.73099875
0.43367606,0.9306671,0.9130347,0.733064,0.7440844
0.39112225,0.9158775,0.9216091,0.74384457,0.7405925
0.4244996,0.91831636,0.90702164,0.7462625,0.7442595
0.38751796,0.9035144,0.9294317,0.7424015,0.7334507
0.42609665,0.9284876,0.91578025,0.73384386,0.7477851
0.40055776,0.9157743,0.9237494,0.7548288,0.7462689
0.39193955,0.919893,0.9076833,0.73311585,0.72631973
0.43820116,0.9214383,0.92933553,0.73583287,0.73940176
0.38242993,0.89700395,0.92144597,0.7484437,0.7393358
0.43373713,0.93042946,0.9064931,0.7378216,0.73491454
0.3872538,0.91056204,0.9354558,0.74561155,0.73746747
0.42159718,0.92485636,0.904224,0.74237096,0.7423278
0.3922215,0.91411483,0.9226101,0.7496801,0.73024774
0.41814584,0.9234642,0.9164979,0.7402298,0.7259483
0.4105366,0.9160735,0.9239773,0.73854893,0.7392522
0.41608694,0.9070686,0.9143727,0.7415652,0.73513883
0.39772585,0.91568017,0.9170106,0.7356807,0.73534197
0.41554293,0.91735923,0.91603386,0.7428667,0.74731237
0.39909548,0.92276794,0.91926837,0.73992556,0.7373694
0.42582282,0.91485685,0.91419536,0.73431224,0.7406148
0.39805347,0.907693,0.91627395,0.7476097,0.7443948
0.40873688,0.92663604,0.90425336,0.735183,0.736796
0.41372633,0.91398317,0.9308694,0.73014814,0.74680454
0.41061306,0.91894686,0.92467403,0.736017,0.7427836
0.4137598,0.92503524,0.9165248,0.7281849,0.7399453
0.42396033,0.9143491,0.90793204,0.7454548,0.7489286
0.38842195,0.9060762,0.91176945,0.7341615,0.7339105
0.4415125,0.9318238,0.9041858,0.73809737,0.73757046
0.38294277,0.8954026,0.929474,0.7428814,0.7396389
0.44077784,0.92294997,0.8987257,0.7466257,0.7408453
0.37532243,0.90609974,0.9317053,0.75698996,0.7375044
0.42955998,0.92579657,0.902481,0.74265426,0.7292649
0.38714284,0.9125143,0.93235254,0.74103206,0.7458104
0.4313235,0.9198651,0.9165662,0.74413717,0.7394447
0.38940203,0.90676504,0.9316512,0.7286512,0.7321798
0.43235305,0.9236392,0.9119976,0.7368514,0.74772215
0.38760722,0.9089086,0.92033964,0.7456003,0.7452137
0.42203268,0.93077964,0.9133388,0.7267932,0.726728
0.41068348,0.92226636,0.9132529,0.7414427,0.74681276
0.40171924,0.90465873,0.9139888,0.74321777,0.7391085
0.41515356,0.92167526,0.917019,0.7339299,0.7391893
0.40786308,0.91405606,0.9245685,0.7370992,0.73623747
0.4096899,0.92652303,0.91370916,0.7369717,0.73847324
0.4016755,0.91262305,0.9141787,0.7398162,0.7385683
0.4196389,0.9188467,0.9225375,0.74241775,0.7426209
0.39493302,0.90388197,0.9292376,0.7335097,0.7411054
0.42245272,0.9337359,0.9135984,0.72727287,0.74819016
0.414465,0.9196598,0.92367613,0.74172443,0.73799783
0.40414432,0.9207377,0.91048855,0.7341275,0.73462343
0.4105592,0.91881853,0.9186563,0.74814945,0.7411517
0.39705005,0.9175991,0.92221254,0.73282075,0.72978234
0.42562795,0.9204047,0.9164321,0.73004913,0.7334561
0.4084884,0.9137983,0.9132785,0.75153285,0.7534787
0.39848015,0.91902506,0.90816253,0.7376287,0.73265505
0.41923246,0.9156304,0.9205752,0.74317366,0.737315
0.3966111,0.90641123,0.9235154,0.7356869,0.73471415
0.42428,0.9137101,0.9073685,0.7367665,0.7440039
0.3933931,0.91735625,0.9287511,0.74232906,0.73824424
0.4224157,0.9234968,0.9166139,0.74004287,0.74403626
0.38817373,0.9127025,0.9233084,0.74330705,0.7413992
0.41478503,0.93431616,0.90800965,0.7339626,0.7386716
0.4177846,0.90568,0.9238253,0.74488044,0.74403346
0.39296806,0.9121216,0.9167161,0.7407876,0.7390026
0.42389804,0.913758,0.9137806,0.7301059,0.7268168
0.40965468,0.9147222,0.91947407,0.74056506,0.748031
0.4082507,0.9184657,0.9212873,0.7420744,0.7430779
0.40046522,0.91651446,0.91791505,0.74074817,0.7450284
0.41896692,0.9288107,0.91454923,0.7443104,0.7409649
0.38760146,0.9188893,0.9146146,0.7379823,0.73567206
0.43826643,0.9169155,0.9147418,0.7339251,0.7419033
0.38048038,0.90915424,0.92530465,0.7388987,0.74798703
0.43323532,0.9286266,0.9058514,0.7360782,0.74492407
0.39428565,0.91195077,0.92940515,0.72602016,0.7433162
0.43795475,0.9282073,0.9144116,0.7368038,0.74609005
0.3851298,0.9087025,0.91800386,0.74227136,0.73987937
0.4283818,0.92707175,0.9101477,0.7406491,0.74289083
0.39131975,0.91031647,0.9268981,0.7374153,0.7371802
0.42435437,0.9288151,0.9149554,0.72230136,0.74479574
0.41900915,0.9102494,0.9265321,0.7387688,0.7488545
0.39918855,0.91756994,0.91148126,0.73006964,0.7349962
0.42677772,0.91978496,0.90940315,0.72970986,0.74469304
0.40057668,0.9073653,0.9247714,0.735051,0.7448959
0.41665,0.9081191,0.9050883,0.735092,0.73964965
0.40803036,0.9057255,0.91649127,0.73165643,0.7483754
0.41599545,0.9123937,0.9082492,0.74154633,0.7416913
0.39414585,0.9114446,0.917004,0.7366233,0.73628545
0.42395172,0.9193363,0.91511047,0.7398489,0.74732214
0.38808003,0.9083676,0.92495716,0.7505712,0.74480706
0.41310954,0.9238076,0.90553534,0.73978984,0.73043156
0.39915568,0.91455287,0.9328644,0.7275662,0.73731637
0.425932,0.9165197,0.91771024,0.7474167,0.7470357
0.38640925,0.9088607,0.9195136,0.73549294,0.7372497
0.42898172,0.92566586,0.9169279,0.7279121,0.7402713
0.41205657,0.90570396,0.92878324,0.73706985,0.7415717
0.40716717,0.91539806,0.91476315,0.7347795,0.74031574
0.41426498,0.9126065,0.91946125,0.7379978,0.7442222
0.4010052,0.913039,0.9158341,0.73736966,0.7368538
0.42013836,0.91565615,0.91572,0.7331817,0.72360206
0.4007897,0.9132316,0.9277829,0.7472547,0.734654
0.40602395,0.9209758,0.9091278,0.75048447,0.730063
0.4111969,0.9177601,0.93093556,0.73614943,0.7283716
0.41519278,0.9198037,0.92096305,0.7521211,0.74054116
0.39427462,0.9133245,0.9146606,0.74588805,0.72555697
0.4135813,0.9180266,0.91980684,0.737862,0.7291263
0.4068439,0.9088298,0.9181967,0.7481252,0.7523981
0.40888166,0.9258103,0.9021077,0.74396944,0.73314255
0.40799755,0.9185468,0.91162753,0.7343189,0.7318475
0.4051196,0.9224426,0.9119842,0.73620296,0.74909866
0.40542144,0.9232446,0.9122301,0.7463115,0.74638605
0.4119208,0.91919345,0.9090564,0.73393106,0.73020715
0.40706107,0.9209668,0.91559094,0.7322592,0.7455124
0.40685815,0.92396265,0.9119295,0.7494685,0.748171
0.39737782,0.91522235,0.9241213,0.73863864,0.7349236
0.420666,0.92283845,0.9201999,0.7338175,0.74025995
0.39890862,0.91640824,0.92350006,0.74353325,0.74439734
0.4088827,0.911123,0.9122188,0.73907906,0.7363256
0.4091798,0.9169455,0.9281178,0.7394048,0.74069494
0.40076947,0.91432726,0.9183651,0.74556667,0.7327896
0.4089609,0.916607,0.9206895,0.7324789,0.735085
0.41544276,0.91860044,0.9172168,0.7457507,0.7412631
0.39369258,0.9126061,0.9173569,0.7402894,0.7299132
0.42844105,0.9254491,0.9205276,0.7375833,0.73219794
0.39615288,0.9137176,0.919444,0.7385151,0.73778564
0.42352065,0.9304968,0.8982871,0.7448594,0.7316847
0.39254543,0.9060228,0.9223329,0.7413897,0.73760253
0.4250018,0.919588,0.9139076,0.7415949,0.7424571
0.38181403,0.9146174,0.9233212,0.7429001,0.7433658
0.43347692,0.9290701,0.9120351,0.73757315,0.73856866
0.38918865,0.9041567,0.93006253,0.7379504,0.7389853
0.42335916,0.9286517,0.90443677,0.73189944,0.7442003
0.40660313,0.9213282,0.9220563,0.73645866,0.73763406
0.41370508,0.9169439,0.91715527,0.73353523,0.72919697
0.4200525,0.9093319,0.90498316,0.74092764,0.74849343
0.40263808,0.9052307,0.91703105,0.74519855,0.7379628
0.41728404,0.91870517,0.90903795,0.72957927,0.7327839
0.41765192,0.910623,0.9240576,0.7407576,0.7475641
0.40797088,0.918344,0.9217517,0.7430139,0.73616135
0.40612105,0.92130315,0.91004795,0.74021393,0.7320344
0.40762568,0.91451955,0.91506433,0.74096674,0.7444605
0.41733867,0.9150704,0.9204411,0.74391836,0.7437987
0.3963838,0.91052854,0.92295605,0.7321516,0.73070174
0.43320325,0.92517734,0.9094482,0.73709905,0.7460393
0.3861806,0.9096299,0.9184383,0.7464239,0.7345128
0.42537588,0.9263541,0.9034255,0.73011684,0.72802216
0.4055911,0.91345036,0.92215586,0.74623144,0.7432911
0.40334633,0.9216224,0.90583044,0.7413161,0.7478068
0.41612378,0.92759603,0.9264573,0.73088074,0.7485195
0.40682107,0.91457605,0.9137991,0.7329106,0.7541341
0.4163222,0.9120657,0.9174097,0.7399351,0.73983383
0.40069044,0.9139859,0.9185053,0.72898936,0.7292352
0.43353686,0.9235999,0.9251596,0.73552376,0.7524607
0.39566836,0.9111009,0.9267725,0.75281173,0.7387461
0.40149453,0.928686,0.90622336,0.73428166,0.7398601
0.42523506,0.917863,0.92158675,0.74307096,0.74772704
0.39410692,0.91663015,0.93297255,0.7352205,0.7322574
0.4291379,0.92757344,0.90622324,0.7405518,0.7352015
0.37638432,0.90894324,0.9328082,0.74862677,0.74356794
0.42456153,0.93148214,0.90159065,0.7488644,0.7344343
0.3881094,0.9157569,0.93285125,0.7392328,0.7354453
0.41971076,0.92782414,0.9106501,0.7398314,0.7411965
0.40111828,0.9092991,0.9272673,0.74243003,0.74468535
0.4110437,0.9222199,0.91919416,0.74495447,0.727638
0.40512875,0.92123216,0.92053723,0.7337802,0.74482745
0.40997234,0.9191944,0.91694325,0.7443304,0.7383469
0.403455,0.9151653,0.91637456,0.72670895,0.7384418
0.42911097,0.918486,0.9183979,0.74415785,0.7412238
0.39442733,0.90769637,0.9207665,0.7384338,0.7334915
0.42830518,0.92005676,0.90939313,0.73904884,0.74707013
0.3979675,0.91559666,0.9257569,0.7458092,0.7440733
0.41867584,0.9234735,0.90708727,0.732943,0.7392163
0.39843857,0.90794194,0.9202913,0.73513746,0.7440643
0.42539856,0.92644614,0.9123037,0.7321369,0.74087334
0.3978193,0.9049296,0.9196182,0.7345317,0.7463711
0.42647287,0.9206962,0.90128696,0.7413079,0.74173284
0.39449188,0.9169156,0.9257837,0.72987646,0.7311291
0.42877877,0.9149424,0.9121826,0.73508,0.74897695
0.3904451,0.9135912,0.9238913,0.7439727,0.7383561
0.4246113,0.9283482,0.91685003,0.72718626,0.7334046
0.4019819,0.9170528,0.9310786,0.74040824,0.74210227
0.4222337,0.92258185,0.91356397,0.7472476,0.73412126
0.39158037,0.907506,0.9137348,0.7418774,0.7358638
0.41758868,0.9209211,0.90760505,0.7404663,0.7390349
0.40095165,0.915259,0.9275897,0.7467708,0.74488163
0.4046679,0.92809564,0.91097796,0.7434435,0.7314174
0.41050807,0.919604,0.92353505,0.7355939,0.7384508
0.41477746,0.91973084,0.9155971,0.740999,0.73911375
0.40349898,0.9218834,0.9099711,0.74722236,0.74416614
0.40744126,0.911776,0.9111338,0.7372367,0.73125005
0.4151522,0.912995,0.9304662,0.73144245,0.738315
0.40939775,0.9134087,0.92433804,0.7373125,0.74964017
0.40801388,0.91288275,0.9196667,0.7433772,0.7426621
0.40804765,0.9167082,0.91288406,0.7370003,0.7380071
0.4128408,0.9187463,0.90820456,0.7325089,0.7347469
0.41700876,0.9161731,0.9169104,0.73990434,0.7496871
0.39766058,0.9117795,0.9143421,0.7414487,0.7433853
0.4116,0.92573994,0.91487634,0.7347209,0.74012935
0.40592566,0.9195625,0.91251844,0.73302865,0.7377633
0.4158658,0.92520815,0.9170932,0.7334561,0.73744285
0.40978894,0.9178934,0.9206827,0.74399006,0.7403779
0.4069862,0.91710466,0.9143787,0.73781747,0.7358405
0.4176456,0.910196,0.9135809,0.7308743,0.7359482
0.40771192,0.9198371,0.9129918,0.7403327,0.7462236
0.4145947,0.91358566,0.91951156,0.7388912,0.73506045
0.40544277,0.914062,0.9274759,0.7356692,0.7413899
0.41467512,0.9218669,0.9130238,0.7408392,0.73542154
0.3939907,0.9262969,0.91630024,0.74127066,0.72535825
0.4261605,0.92846715,0.91567975,0.73598844,0.7443841
0.3882153,0.91411024,0.9189594,0.75430113,0.74033976
0.40947038,0.9251876,0.90331185,0.7320474,0.72671056
0.41359407,0.9266844,0.9356123,0.7294198,0.7388772
0.4024671,0.9154373,0.9143606,0.74305856,0.74104035
0.4148199,0.91115767,0.9137017,0.7335392,0.7366682
0.40773737,0.91699636,0.91826475,0.7328728,0.74323624
0.4197609,0.9219845,0.91896075,0.73509353,0.7451178
0.41836804,0.9219915,0.91890144,0.7394259,0.74360466
0.40225154,0.9084576,0.91230726,0.7424871,0.72939557
0.40988147,0.92615515,0.91900206,0.7404915,0.7349107
0.4071838,0.9165478,0.9273514,0.74824166,0.73546106
0.4114747,0.92173004,0.9224916,0.74140334,0.7346381
0.40740174,0.9207774,0.9198756,0.74252635,0.74426275
0.40848,0.9290645,0.9098641,0.74525446,0.73938376
0.4085729,0.9149567,0.9191618,0.73464525,0.7320703
0.41640505,0.91739684,0.91911787,0.74085945,0.7422827
0.40428177,0.91572464,0.9164244,0.7414336,0.73850787
0.40442818,0.9160545,0.9245707,0.7386429,0.74029535
0.41394332,0.919044,0.91667795,0.7337282,0.7483094
0.4100131,0.9159057,0.91467166,0.7424799,0.73503554
0.40873876,0.9161649,0.91679704,0.73826796,0.7358583
0.41130215,0.9155373,0.91399527,0.73717016,0.7440692
0.41311625,0.9030138,0.91429037,0.7372868,0.73663056
0.40015334,0.91668826,0.91232383,0.7384304,0.7439459
0.41938782,0.9230817,0.92092973,0.74877137,0.7366434
0.39174107,0.9068775,0.9207057,0.73278415,0.73755234
0.4263314,0.92488074,0.91724074,0.73530567,0.74683356
0.39525056,0.9057796,0.9171469,0.73785245,0.7436978
0.4305287,0.92040646,0.9126741,0.73418987,0.7432894
0.3981192,0.91017824,0.9230802,0.7461567,0.730553
0.4168316,0.91649497,0.907742,0.73877096,0.7310835
0.39775184,0.920648,0.9168115,0.7373407,0.74407643
0.41114825,0.91572064,0.909981,0.7500596,0.7309781
0.40675688,0.9197495,0.9318595,0.7334831,0.72814876
0.41631836,0.90882546,0.9186676,0.7437123,0.7507639
0.39017266,0.91346955,0.9113045,0.75062126,0.7376424
0.41648504,0.9208627,0.9199666,0.7248911,0.7317543
0.4123383,0.9275469,0.91628516,0.7392224,0.7419877
0.41093,0.91321677,0.9136312,0.7527393,0.728078
0.39426064,0.92073864,0.9145141,0.73610914,0.7314504
0.42399997,0.9243532,0.9148339,0.74113494,0.7440357
0.39910504,0.9110984,0.9257075,0.7529315,0.7451338
0.40186143,0.9204635,0.9102825,0.733255,0.73312044
0.42027053,0.9169693,0.9204068,0.7299821,0.7463839
0.40886998,0.91256213,0.92228097,0.7428132,0.7429291
0.4085401,0.9148756,0.90795964,0.7354502,0.7302426
0.42512822,0.91343,0.9166316,0.7381691,0.73921484
0.39339778,0.90278107,0.9169927,0.7413269,0.74744344
0.41565183,0.9308048,0.9060821,0.745298,0.7369922
0.3999178,0.9113888,0.92620546,0.72864217,0.73521924
0.4302885,0.9183727,0.9156749,0.7352546,0.74547505
0.3921273,0.9106945,0.9119,0.73873806,0.74593395
0.42706388,0.92010236,0.90473574,0.73563045,0.74011743
0.39047533,0.9095744,0.9271531,0.7346384,0.73895353
0.4276229,0.9335968,0.9127921,0.7334027,0.7454004
0.39580178,0.90739024,0.9229274,0.7361351,0.7336012
0.4237798,0.92807305,0.9055473,0.73494875,0.7393206
0.39940238,0.911897,0.92766094,0.7450441,0.7394038
0.41059062,0.9231135,0.91061395,0.7324935,0.74105644
0.4177691,0.9137901,0.92087364,0.7328134,0.7409637
0.40745592,0.92261225,0.91511333,0.72973114,0.75009805
0.42508116,0.91661865,0.9090456,0.73903775,0.7466985
0.40011492,0.90627086,0.92358816,0.71589774,0.73742807
0.44054317,0.92183924,0.9151563,0.7404952,0.7556837
0.38425392,0.906134,0.9207687,0.73972094,0.74851286
0.42211652,0.92029864,0.90959406,0.7258531,0.745213
0.3981779,0.9219126,0.9211229,0.7325328,0.74443454
0.4208055,0.91949505,0.9041624,0.7304956,0.7458653
0.40323257,0.9139665,0.91148096,0.7385509,0.74865997
0.42231533,0.91511416,0.90882075,0.74472374,0.73983896
0.3967314,0.91477746,0.92063296,0.7358658,0.73041534
0.42366636,0.921116,0.91133183,0.7365075,0.73663366
0.39731002,0.91966575,0.93011516,0.7466175,0.7400316
0.4060663,0.9116882,0.8993889,0.73475546,0.7292439
0.4202911,0.916172,0.9301133,0.7353218,0.73848844
0.40908337,0.9119468,0.9228731,0.7489851,0.7476348
0.39943096,0.9211396,0.92253107,0.734956,0.735872
0.4270287,0.9337488,0.9166257,0.73850256,0.7455629
0.38523808,0.90136933,0.9217072,0.74283105,0.74899566
0.42308366,0.92432106,0.91099256,0.73282534,0.74017566
0.40824372,0.90663123,0.9218331,0.7349482,0.74357975
0.42144343,0.91758674,0.9146071,0.7340219,0.74275094
0.40192783,0.9114884,0.92732185,0.741983,0.74521327
0.4191971,0.9204974,0.90821147,0.7390052,0.7362659
0.3960452,0.9149704,0.92150337,0.7360826,0.74105984
0.4199795,0.92603153,0.9071554,0.73756677,0.7307679
0.40166274,0.9129474,0.91492635,0.7355578,0.73554504
0.42578673,0.92423266,0.9149033,0.7400383,0.74137425
0.3993098,0.91246706,0.9191144,0.7415077,0.7359465
0.41156736,0.9222725,0.9122995,0.74224627,0.73551226
0.41294923,0.9105417,0.92170686,0.74432695,0.7357725
0.40217116,0.9246848,0.91953224,0.74310786,0.731612
0.40513444,0.9134004,0.9110493,0.7362949,0.73465425
0.42017823,0.9181486,0.9178539,0.74180543,0.73589796
0.39370796,0.90789306,0.92393976,0.74673027,0.7376177
0.42598316,0.91559047,0.9137263,0.74929357,0.7271578
0.38426226,0.90887874,0.92245966,0.73424155,0.73662823
0.43690217,0.9315893,0.91387093,0.7471133,0.73649204
0.37468383,0.9085761,0.93300104,0.74095166,0.740508
0.43960193,0.92679214,0.8965258,0.7453744,0.73707
0.3866714,0.9065645,0.93642527,0.7440306,0.7382437
0.43102407,0.9314944,0.90383345,0.7446986,0.7402312
0.3790494,0.91214335,0.9214895,0.742311,0.72477716
0.43927026,0.93218476,0.9085583,0.74596995,0.73741084
0.37639153,0.89732695,0.92656416,0.75819117,0.74368995
0.42240047,0.93395394,0.9111935,0.7348536,0.7244177
0.39956668,0.90941703,0.92992467,0.73299867,0.7500941
0.42782193,0.92146426,0.9100202,0.74833274,0.74431676
0.39199874,0.90576464,0.9200675,0.7345803,0.73480904
0.43892694,0.9258041,0.912208,0.72890055,0.7478571
0.39103356,0.900847,0.92062587,0.7408796,0.7436093
0.42390075,0.9160244,0.9013024,0.7339575,0.7367591
0.4008265,0.90700674,0.93536687,0.7364529,0.7494348
0.41244972,0.9178411,0.9070178,0.7420151,0.7356399
0.404302,0.9146398,0.9252115,0.72718376,0.7292057
0.42837453,0.922011,0.9113616,0.74599326,0.7543142
0.39031395,0.9118015,0.9252842,0.74771965,0.7391588
0.42033678,0.92539406,0.91184247,0.728243,0.74260986
0.4141181,0.90528524,0.9221881,0.74541765,0.7570356
0.40293798,0.9203141,0.91371477,0.7396313,0.7268869
0.41524783,0.91883236,0.90501046,0.7269383,0.7312865
0.42026356,0.9154042,0.9199117,0.74324334,0.74743235
0.3939898,0.9150488,0.9210742,0.7359708,0.7344591
0.42760387,0.92963994,0.91454196,0.7323186,0.7344082
0.4060928,0.90067333,0.9183862,0.7437608,0.75100356
0.40565097,0.92796427,0.9133654,0.73327816,0.73844373
0.42406595,0.9151955,0.9202258,0.7235054,0.7473028
0.40454343,0.91364104,0.9201148,0.73217356,0.74189794
0.42856288,0.9209194,0.9086692,0.7354661,0.74381226
0.39862993,0.90898055,0.9123098,0.73261535,0.7465487
0.4249865,0.92393804,0.91821057,0.7317758,0.74072033
0.40655753,0.90808845,0.9189415,0.73151785,0.7400968
0.42316213,0.92298245,0.9152434,0.7337341,0.7412703
0.40778548,0.91380805,0.9193161,0.739373,0.7418515
0.40288213,0.91106534,0.91006845,0.7353479,0.7419904
0.41754052,0.9209376,0.921053,0.73120916,0.74679977
0.40113187,0.91736877,0.9259962,0.7314882,0.74482185
0.4241328,0.9160043,0.914827,0.7426678,0.7420569
0.39165834,0.9192331,0.9064132,0.74096507,0.7217966
0.41941738,0.92015886,0.9160978,0.7517667,0.7359363
0.3864771,0.92005444,0.92245704,0.7499237,0.73371637
0.4242741,0.9202545,0.90754014,0.7402261,0.73852676
0.4067895,0.910384,0.9236355,0.7309355,0.7310667
0.4163078,0.90622956,0.8973801,0.7471084,0.7355451
0.39817673,0.91265285,0.91462183,0.74292856,0.73579186
0.415626,0.92634064,0.92071843,0.73710954,0.73272705
0.4014279,0.91159207,0.92158914,0.7391051,0.7403649
0.4010007,0.91810435,0.9099823,0.7500451,0.7356037
0.4022804,0.9201458,0.92028314,0.74125546,0.7287475
0.41032982,0.9180987,0.92053825,0.7452589,0.73784286
0.40975118,0.9125962,0.9179977,0.74828553,0.7375172
0.406005,0.9162406,0.9218838,0.7364091,0.7312964
0.4120773,0.91169196,0.9138844,0.73324645,0.7446104
0.41208905,0.9231965,0.92039317,0.74393415,0.73962635
0.40103987,0.921129,0.9249672,0.7441454,0.7376915
0.41374066,0.9155524,0.91960883,0.72804546,0.73224056
0.4144474,0.91322875,0.9126518,0.73717916,0.7476599
0.41072884,0.9139593,0.92413867,0.74492216,0.7287791
0.40635878,0.9175926,0.9099798,0.7319648,0.7339218
0.41978136,0.9157473,0.911016,0.7425219,0.7482839
0.397597,0.9048542,0.92220175,0.7407042,0.74077225
0.41625994,0.9248482,0.9109079,0.73377675,0.7468637
0.4115918,0.9128708,0.9164916,0.7335042,0.7403238
0.4193765,0.918049,0.91964287,0.73463994,0.7416527
0.40802076,0.91575104,0.90759873,0.74060357,0.7449019
0.40409213,0.9219884,0.91328686,0.7361989,0.73206776
0.41628274,0.91731536,0.92246145,0.7434688,0.73998284
0.40265805,0.9084329,0.9242775,0.74080646,0.7329581
0.41495368,0.9119623,0.91019523,0.7366173,0.7363385
0.40854257,0.9152538,0.9275,0.74160117,0.73670995
0.39605922,0.91503227,0.9172128,0.7438075,0.742991
0.4251916,0.92822707,0.9159647,0.7427783,0.7301565
0.39406815,0.9135841,0.91996175,0.7391411,0.730753
0.4203863,0.91781497,0.9099614,0.75199324,0.73642504
0.38805282,0.9129089,0.9182732,0.7466497,0.7398558
0.41964155,0.9344014,0.91338897,0.74752235,0.7319461
0.39062938,0.91576827,0.9146507,0.73727846,0.73306346
0.42963147,0.9240382,0.9171155,0.74575585,0.7352904
0.38479102,0.90945846,0.93332124,0.7484096,0.73344547
0.41873577,0.92837685,0.91378075,0.74499834,0.72911
0.39861482,0.90904754,0.92793643,0.735033,0.7352061
0.42977628,0.9232205,0.91035396,0.7389758,0.7463053
0.3968358,0.9208917,0.92820626,0.74033874,0.7353668
0.42875126,0.92696565,0.90503484,0.7300273,0.7369083
0.40529063,0.91555226,0.9166581,0.7387671,0.74184835
0.41285062,0.91459095,0.90322155,0.73856556,0.7390097
0.40464532,0.9129649,0.9225847,0.7414241,0.7357216
0.41905162,0.9265932,0.9144928,0.73573047,0.7367319
0.40461388,0.91356415,0.9195446,0.7359387,0.7352368
0.41840723,0.91977835,0.908715,0.7383275,0.73427194
0.4087776,0.9129836,0.9235849,0.74796206,0.739913
0.40180027,0.9122571,0.91359097,0.7307916,0.727994
0.41685203,0.91767657,0.91556245,0.7511244,0.7393828
0.39322215,0.91500926,0.9178239,0.74482805,0.73443085
0.42629403,0.92141813,0.9139676,0.74005383,0.7240998
0.39514604,0.91551894,0.9285414,0.74490994,0.73669887
0.4061835,0.92362,0.9097638,0.7496432,0.73195326
0.39276204,0.92178994,0.9216347,0.74169254,0.72770137
0.43316785,0.9402201,0.9179696,0.7514083,0.74073607
0.38870698,0.90644485,0.9255161,0.7404727,0.73079187
0.431849,0.9223433,0.9144259,0.7349301,0.73455805
0.40700173,0.9148344,0.921024,0.7417346,0.7330077
0.41655213,0.9240854,0.91447896,0.7468356,0.7377027
0.3940607,0.9148972,0.9159574,0.7450279,0.7343153
0.41700324,0.9136385,0.91816616,0.7423474,0.7385051
0.39242947,0.91189003,0.92004687,0.7432757,0.7298712
0.43185923,0.9323684,0.9144515,0.7351975,0.7299158
0.3974419,0.9033745,0.9252703,0.74599123,0.7404493
0.40994647,0.9241846,0.9024785,0.7447795,0.73783743
0.40517482,0.9156279,0.92786735,0.73712987,0.7287901
0.4168236,0.91708493,0.9141526,0.75105184,0.7454046
0.3897729,0.9088387,0.9203557,0.74716806,0.7307544
0.4162956,0.92517096,0.9285279,0.7315939,0.7294812
0.41532597,0.91399485,0.919078,0.74350995,0.7439899
0.412564,0.9168524,0.9140681,0.74225026,0.73995477
0.4009406,0.92048556,0.92172647,0.7284513,0.74377173
0.43150494,0.9256388,0.91889316,0.7354449,0.7433745
0.39138296,0.90771574,0.9121707,0.74033046,0.74156106
0.4137294,0.91506726,0.90971047,0.7401594,0.7467829
0.40150928,0.9203739,0.9229687,0.742157,0.7445762
0.41477838,0.9189718,0.9192205,0.73443824,0.7407344
0.40920702,0.9208231,0.92298305,0.7418277,0.74161565
0.4059663,0.9187974,0.9223269,0.74634445,0.73801327
0.40491557,0.92181516,0.91842514,0.73826694,0.7379738
0.4178211,0.92310363,0.91983384,0.7404536,0.7472539
0.4117948,0.9089228,0.92306423,0.73457396,0.73344564
0.4148429,0.91890925,0.9199567,0.72872233,0.7328335
0.41978094,0.9120621,0.9110468,0.7453466,0.7460626
0.39622274,0.91716284,0.92693985,0.739757,0.73078233
0.41095993,0.920635,0.90657914,0.7299831,0.75144345
0.41963416,0.91693103,0.92198384,0.74567354,0.7501786
0.39365056,0.9087547,0.91729015,0.7318282,0.7320962
0.42245677,0.93026555,0.91347814,0.73303497,0.74315786
0.40061602,0.90318984,0.92380816,0.7365519,0.74004567
0.41355354,0.923811,0.902613,0.7398965,0.7461733
0.40304935,0.91005534,0.9191995,0.740631,0.7448376
0.41013128,0.9293792,0.91023314,0.72998166,0.7332094
0.42281052,0.91726375,0.9188167,0.72547656,0.7413421
0.41230804,0.9093775,0.91564304,0.7489815,0.75291246
0.39192554,0.9239303,0.9142943,0.7366926,0.7387894
0.42745435,0.93098724,0.91614515,0.72645915,0.7379775
0.4026997,0.91178614,0.93273664,0.7448101,0.74713117
0.4065191,0.91530097,0.9071098,0.73934275,0.7287541
0.40729502,0.918012,0.92635983,0.73309004,0.7384007
0.42249373,0.91222024,0.91692567,0.7467433,0.7366957
0.39183554,0.91489005,0.9127287,0.7393853,0.73553044
0.42726642,0.9298833,0.9138848,0.7380751,0.74351823
0.39254236,0.91207033,0.9197175,0.73867637,0.7390776
0.42831704,0.9261939,0.9125922,0.7365755,0.7416357
0.39199296,0.90778136,0.93352896,0.73961127,0.73863465
0.41895518,0.9246623,0.9120233,0.7412372,0.74603355
0.40676525,0.91308546,0.9263609,0.7477481,0.73482853
0.40369356,0.91734767,0.914467,0.7288184,0.73396313
0.42190686,0.91381645,0.91710514,0.74350905,0.7567707
0.39905995,0.915595,0.9134985,0.74210244,0.74582344
0.41957137,0.92848516,0.91621387,0.7306676,0.7433971
0.40882245,0.9080278,0.9194979,0.7306905,0.74107456
0.41583014,0.92391384,0.9168155,0.73916113,0.74987924
0.40192872,0.9111168,0.9177053,0.74034655,0.739948
0.42146617,0.9250666,0.92455417,0.7236053,0.74174863
0.41610348,0.91863024,0.9235573,0.7391966,0.7488762
0.41177902,0.9145567,0.91250664,0.7306018,0.73874843
0.41860735,0.9147074,0.9088643,0.72554415,0.74477303
0.4172878,0.910367,0.92734855,0.74139506,0.75342274
0.40538964,0.9072439,0.9187213,0.739532,0.7349224
0.41258076,0.92128444,0.9189018,0.7237152,0.73851144
0.4251523,0.91596484,0.91768706,0.7463899,0.754434
0.3942982,0.9155269,0.91964704,0.7396446,0.73919183
0.42097872,0.91340256,0.91313463,0.7333031,0.7384783
0.39476216,0.91200507,0.9180225,0.74337757,0.7471514
0.4257853,0.91407377,0.917642,0.7390519,0.7394441
0.38587725,0.9069327,0.92307895,0.7383019,0.74449676
0.42984274,0.9255052,0.90663594,0.73176324,0.74704605
0.39704245,0.9065665,0.9294405,0.72969645,0.7378424
0.43515167,0.92729867,0.9034792,0.73346853,0.7382417
0.3936211,0.90481865,0.9186452,0.7386475,0.74411505
0.42571348,0.9213574,0.9066408,0.73943764,0.7368409
0.39944607,0.9061957,0.92700744,0.72772634,0.7430715
0.42919856,0.916098,0.91308475,0.74422276,0.7532623
0.38738048,0.9137365,0.92224354,0.7327631,0.74446964
0.44383028,0.92881197,0.911476,0.72473055,0.7406651
0.39231282,0.89876825,0.9295203,0.7357354,0.74830526
0.4312459,0.9213598,0.8922147,0.7403242,0.7395564
0.393077,0.90353394,0.93243927,0.73300254,0.7362643
0.42852706,0.92063457,0.9125957,0.73583627,0.7395281
0.39993382,0.91468364,0.9164212,0.73727924,0.75033945
0.42393807,0.9279685,0.9191928,0.74007416,0.74309164
0.38871518,0.90672565,0.9252288,0.7321064,0.7483147
0.43516213,0.92731684,0.9116097,0.7408296,0.74320066
0.3853329,0.9020592,0.9320154,0.7396526,0.73240733
0.43578777,0.91983944,0.90704113,0.72944504,0.7411929
0.39442942,0.9053459,0.9216227,0.74005836,0.74144965
0.43021467,0.92088497,0.9001574,0.7415505,0.7372218
0.38810042,0.90976465,0.92943805,0.7390739,0.7327136
0.42819622,0.93110895,0.9012601,0.7411184,0.7397646
0.39195862,0.912256,0.92793506,0.7442673,0.74069285
0.41521892,0.9268117,0.9125021,0.74452364,0.7391443
0.39464897,0.9114704,0.9154503,0.73860013,0.73857015
0.42629126,0.9182797,0.9145475,0.7384919,0.73885953
0.40104416,0.91180587,0.9219033,0.73042315,0.7445216
0.4341848,0.92336535,0.90497935,0.7320726,0.74572474
0.39305446,0.8991833,0.9236211,0.7331163,0.7396538
0.42979696,0.92709076,0.91097814,0.7361747,0.7364029
0.39847603,0.9084266,0.9171379,0.74190265,0.7319281
0.4145865,0.92043227,0.91286224,0.73030686,0.7463637
0.4094455,0.9209597,0.92536354,0.7384121,0.75048053
0.40227988,0.9134998,0.9126505,0.73058945,0.73989785
0.4316458,0.91412926,0.9189233,0.7355996,0.754451
0.39873135,0.91427326,0.9246399,0.7400726,0.7434199
0.41710418,0.9161124,0.91128224,0.7277663,0.7429844
0.40650195,0.9136016,0.9229801,0.7388402,0.74476415
0.41646177,0.92981565,0.9146571,0.73193574,0.74369633
0.4143297,0.90176946,0.92034316,0.737062,0.74738955
0.4048957,0.921203,0.91651744,0.73515886,0.74415123
0.41943523,0.9250222,0.9172107,0.7318749,0.74788666
0.4084277,0.9145628,0.91785926,0.73810315,0.7412014
0.41429105,0.8998507,0.9123738,0.73032266,0.73042345
0.41324815,0.9147028,0.9201726,0.7436718,0.7445739
0.40534472,0.91198665,0.90801656,0.74531555,0.73411477
0.41333666,0.9169912,0.91843766,0.73543763,0.74833614
0.4136032,0.91193783,0.912472,0.7461831,0.7387834
0.40617833,0.91308284,0.9187712,0.742175,0.73245263
0.4059941,0.9155936,0.9196354,0.7393257,0.73293465
0.40963772,0.92491025,0.91425246,0.7514261,0.7357885
0.39817855,0.9121347,0.92271465,0.7376566,0.7402091
0.41785273,0.9289148,0.9254219,0.7461316,0.7373785
0.39705262,0.91182303,0.9199316,0.7424265,0.73396105
0.41696468,0.9212426,0.9063105,0.74219114,0.73661953
0.39711463,0.91555595,0.9189479,0.7401122,0.7299202
0.42582935,0.9276112,0.91651136,0.7384669,0.74459463
0.3935598,0.9071995,0.9179898,0.74398947,0.73905325
0.42076308,0.9253032,0.9125601,0.7392815,0.73406553
0.39609894,0.9076558,0.9275731,0.74562514,0.7401072
0.41524082,0.9166387,0.91206956,0.7472002,0.7250777
0.40461308,0.91943365,0.92243826,0.7441625,0.74365205
0.4153943,0.91992116,0.91205573,0.7512479,0.73757017
0.40271607,0.91009474,0.919999,0.7419601,0.73217756
0.4167442,0.9228337,0.92671925,0.7473831,0.7326606
0.38973585,0.9181372,0.91739535,0.7464101,0.7393377
0.41990873,0.9211528,0.91855246,0.7393277,0.7359956
0.40533987,0.9051327,0.9282044,0.74021244,0.73625743
0.4125701,0.9207805,0.91143894,0.74275786,0.73714256
0.40671974,0.91683686,0.9173629,0.73364925,0.7287868
0.42764613,0.9144919,0.9201173,0.7401083,0.7427295
0.39341766,0.9156907,0.92049766,0.73975885,0.7375769
0.42930117,0.92430437,0.9100102,0.736211,0.7399916
0.39789394,0.9212432,0.9287858,0.7384149,0.7426701
0.42615357,0.9218048,0.90983194,0.74529177,0.739518
0.38397047,0.9087713,0.9181112,0.73177695,0.7310182
0.44314864,0.9277946,0.91270465,0.7451476,0.7440862
0.37202144,0.90422076,0.9278672,0.7417927,0.73608065
0.4333846,0.93596154,0.9048331,0.7327661,0.7372722
0.39826444,0.91009575,0.9263636,0.729953,0.7393173
0.42719617,0.92398876,0.90872705,0.7436762,0.7352311
0.3907118,0.91755503,0.92202765,0.74986947,0.7472536
0.41937175,0.9310686,0.90365154,0.74217147,0.7309792
0.3993907,0.912791,0.9210327,0.73214334,0.73404956
0.42746755,0.929362,0.92415535,0.74230796,0.738627
0.38487005,0.90543026,0.9155422,0.74084383,0.73480695
0.42840683,0.92955875,0.9134533,0.737994,0.7412264
0.3888096,0.91548353,0.9266348,0.7471699,0.7411737
0.42940554,0.92656595,0.91083765,0.7401443,0.73849404
0.401071,0.90549606,0.93835133,0.73569834,0.74197537
0.42668405,0.91937906,0.9107204,0.75041187,0.73313564
0.37825662,0.91497296,0.92502254,0.7389292,0.7308179
0.4362534,0.9319982,0.9044828,0.74477816,0.74192953
0.38514313,0.9054233,0.9314897,0.7544837,0.7375717
0.41703185,0.92576975,0.9064835,0.7353541,0.7178497
0.40235984,0.9179435,0.91668516,0.7370268,0.7350641
0.41595817,0.914766,0.917793,0.7591167,0.74157786
0.38395992,0.91612595,0.92307377,0.74750406,0.71699125
0.4234469,0.93211573,0.9162675,0.73672384,0.7350614
0.4055943,0.9105635,0.9272539,0.7459082,0.74118996
0.40188336,0.9199045,0.91180414,0.7333143,0.73261863
0.4319199,0.91747063,0.9212752,0.7365133,0.74132365
0.40461466,0.9116856,0.9196247,0.7394216,0.74664116
0.40831783,0.92549264,0.90332484,0.73469424,0.73600703
0.41760537,0.92279243,0.91667473,0.72935,0.74266356
0.4159215,0.9166519,0.9116298,0.7400725,0.75031656
0.41314274,0.9175174,0.91846156,0.7339899,0.74452716
0.41029924,0.9271661,0.91256845,0.7266145,0.7403778
0.41991898,0.9095316,0.9131902,0.73775464,0.7431002
0.4035778,0.9116281,0.912548,0.7354291,0.7390249
0.41929567,0.9157269,0.91945374,0.7365823,0.738199
0.4049372,0.9052033,0.93378127,0.73907447,0.73838335
0.41374937,0.914432,0.90756553,0.73980767,0.745614
0.39867133,0.91132057,0.9200226,0.7410501,0.7353977
0.42444366,0.93087304,0.92563194,0.7353901,0.74173397
0.40061027,0.91335356,0.91944313,0.73835135,0.75134903
0.42055076,0.9181954,0.90990275,0.7387286,0.7336727
0.4040386,0.9155031,0.9218333,0.7317886,0.7409526
0.41867244,0.92316085,0.9139491,0.7349442,0.74425465
0.40193015,0.90319484,0.92225105,0.7329037,0.74674577
0.42763162,0.93194985,0.90433145,0.7332635,0.7374135
0.39206892,0.9100231,0.9239162,0.72540617,0.7423803
0.43751732,0.9249801,0.9065692,0.7393902,0.7511942
0.3900694,0.91042995,0.92495656,0.7309085,0.73955023
0.43774235,0.92053723,0.9015713,0.73087376,0.7469607
0.39669245,0.91014886,0.9280465,0.7364298,0.73563874
0.4297383,0.9335261,0.9026016,0.72980845,0.740958
0.39943045,0.908909,0.9313115,0.7320897,0.7489677
0.4271243,0.92760533,0.9135443,0.7443777,0.7463171
0.39404988,0.9085946,0.9241292,0.7430921,0.7314482
0.40981162,0.9137666,0.9116079,0.74515975,0.73530793
0.39844766,0.91928875,0.9316376,0.74222666,0.7339388
0.41853932,0.9179475,0.9230276,0.74040645,0.7346115
0.4045721,0.91856545,0.92433804,0.74414337,0.73600745
0.41550598,0.9240332,0.9160867,0.7407879,0.73617643
0.402318,0.9165959,0.9169708,0.7416986,0.73268574
0.41356015,0.9211969,0.91138744,0.7420609,0.7397537
0.40154517,0.9130842,0.9217785,0.7426385,0.7367602
0.41142884,0.9195336,0.9101509,0.73978484,0.73585844
0.40086323,0.9213402,0.91457987,0.74192715,0.74340683
0.4173907,0.918054,0.90476394,0.7424882,0.74336946
0.40417734,0.91027784,0.9229932,0.72740585,0.7457414
0.42640096,0.9150406,0.904197,0.72886276,0.7564204
0.40516406,0.9111553,0.91521186,0.7428723,0.7549817
0.40435883,0.91473055,0.9112568,0.71688706,0.7304845
0.43429625,0.92386913,0.923659,0.73012733,0.74817127
0.3925157,0.907386,0.9174145,0.74134713,0.7447558
0.429451,0.92525935,0.91198,0.73529065,0.7309846
0.40178442,0.9110293,0.92518216,0.7372951,0.7373374
0.41406822,0.9214395,0.90978926,0.74312407,0.73929054
0.406319,0.9149964,0.91839474,0.7411662,0.7377703
0.40819067,0.92536384,0.90806097,0.7445719,0.7349397
0.4001699,0.925109,0.91710556,0.7304826,0.7335495
0.4339382,0.92366916,0.9182645,0.7321916,0.75274223
0.3890456,0.90819234,0.91605335,0.7440469,0.7413734
0.4226952,0.92828315,0.9038528,0.7277055,0.73502517
0.399709,0.91088784,0.922424,0.7379853,0.74601567
0.40937626,0.9121384,0.9077936,0.74541146,0.7511882
0.39666834,0.9152428,0.91978145,0.7364386,0.7409346
0.4313581,0.9130545,0.9210802,0.7216328,0.74154633
0.40551075,0.9046294,0.92358774,0.7244291,0.7501914
0.4348783,0.91370773,0.91526794,0.7375502,0.7490988
0.38735783,0.89990795,0.91331214,0.7256323,0.7419027
0.43438882,0.9282758,0.89851725,0.73132294,0.7531892
0.3949715,0.9056242,0.9248255,0.73718095,0.743656
0.42583025,0.9308672,0.90628994,0.71728885,0.74302936
0.4179,0.90239817,0.9230058,0.7293032,0.7617496
0.41261357,0.91948587,0.912192,0.7421693,0.7501589
0.4037371,0.91586,0.9141236,0.723459,0.7333891
0.42111912,0.92125386,0.90902746,0.73087126,0.75303876
0.41211948,0.91251916,0.9206062,0.74320555,0.7450208
0.40863612,0.91205853,0.91089857,0.73034656,0.73874825
0.41748616,0.9156615,0.92361933,0.73732656,0.75152254
0.40614387,0.9136282,0.92011845,0.7347814,0.7474215
0.42550355,0.92418945,0.91483045,0.7340625,0.7431728
0.3921282,0.9157344,0.925048,0.73236907,0.75230074
0.42118633,0.9225839,0.90584487,0.73469615,0.7401913
0.4028806,0.91970986,0.92747074,0.73924917,0.73634285
0.4107074,0.9166473,0.90577215,0.7336996,0.73781717
0.41135666,0.91964513,0.92605937,0.7411603,0.7482657
0.40775844,0.9228283,0.90981436,0.74239284,0.74306256
0.40472478,0.9152055,0.92283195,0.72972363,0.7384542
0.42913422,0.91611934,0.9252697,0.7390833,0.7547071
0.38836968,0.9063449,0.91325986,0.73722345,0.74417764
0.43217355,0.9305473,0.8992064,0.72940534,0.74318963
0.38773194,0.90599513,0.9257389,0.7370958,0.7426558
0.43367106,0.9248251,0.8948323,0.73616546,0.74794674
0.37911436,0.9124563,0.93043596,0.7441058,0.74363977
0.43191406,0.92115194,0.90839475,0.725707,0.7366321
0.4012476,0.90785676,0.92227846,0.7302725,0.75524974
0.42789897,0.91726536,0.90303147,0.7307152,0.7379666
0.40264583,0.91718274,0.92341805,0.72828937,0.7460338
0.42138058,0.92148745,0.91721535,0.7455039,0.7416772
0.38992155,0.9139422,0.9112419,0.7293556,0.7261373
0.4437037,0.92484385,0.9178613,0.73657143,0.74284035
0.38734207,0.89921564,0.9275606,0.74497414,0.73776215
0.42364272,0.922756,0.9074299,0.73212683,0.7305132
0.4017034,0.9065653,0.9238543,0.7337249,0.73931515
0.4215873,0.9207088,0.91493505,0.74496424,0.74612916
0.38661024,0.9184445,0.91581047,0.73568547,0.7309939
0.4317922,0.91874665,0.9110381,0.73716277,0.7341518
0.39039665,0.9070695,0.93195844,0.74609065,0.7499237
0.42791194,0.92633224,0.90768737,0.7422204,0.7319952
0.39198148,0.9032451,0.9222175,0.73194534,0.741441
0.4323405,0.91303164,0.90658516,0.74942636,0.7389624
0.3826443,0.92188907,0.92134476,0.7417827,0.7267761
0.42601454,0.9341493,0.9110331,0.73819697,0.73216116
0.4072361,0.9138785,0.93159336,0.74710304,0.7367927
0.4030739,0.9107264,0.9231106,0.73971134,0.72450393
0.41202304,0.9276559,0.91638386,0.7472445,0.7338384
0.40199962,0.92639303,0.91755587,0.739499,0.73110414
0.41376048,0.91193926,0.91677016,0.74486226,0.73641545
0.40148658,0.90113246,0.92008597,0.75002575,0.7407645
0.41370833,0.9179461,0.91670895,0.74482554,0.731367
0.4010065,0.91155845,0.91436833,0.7397275,0.7401845
0.41752174,0.92100656,0.9157037,0.7494852,0.74745476
0.38617024,0.9084731,0.92808765,0.7413903,0.7319188
0.42932874,0.93180156,0.91911924,0.7373012,0.7313784
0.39849636,0.91542274,0.9211194,0.74141026,0.74119806
0.42109892,0.92273116,0.9107843,0.74211574,0.73603976
0.40253466,0.9030318,0.9213485,0.7311848,0.74150217
0.42126536,0.92054474,0.9124053,0.7365271,0.7341322
0.40615666,0.913449,0.92008656,0.72344625,0.73839456
0.42051467,0.92319924,0.9130145,0.73949665,0.74996376
0.39610484,0.90288055,0.9231546,0.7431835,0.7355823
0.42241958,0.9165292,0.9044855,0.73090297,0.7399773
0.4052166,0.9195701,0.917563,0.73729116,0.7404807
0.41450164,0.9210006,0.9100489,0.74289984,0.7459498
0.40152943,0.9169879,0.91631436,0.7356478,0.74305224
0.41708022,0.9303474,0.92443883,0.7347704,0.7428493
0.41022453,0.923814,0.922382,0.732922,0.74081326
0.41997537,0.92456627,0.9095989,0.729435,0.7364939
0.39837494,0.9135821,0.9188085,0.73327273,0.7462951
0.42146838,0.92102265,0.9168813,0.74486655,0.74542356
0.3948063,0.9101583,0.9130996,0.72842246,0.73586136
0.43300226,0.9370084,0.91364324,0.7453172,0.74231136
0.38511717,0.9103806,0.9260493,0.73872423,0.72872895
0.42447847,0.9194978,0.908488,0.7370016,0.73140574
0.40552953,0.90357363,0.9289087,0.7428041,0.7346522
0.4130014,0.91483456,0.9116872,0.7503771,0.7371192
0.39804757,0.9133608,0.9087389,0.73606557,0.7361638
0.43085596,0.9160803,0.9112979,0.74200314,0.7444201
0.38521796,0.9094413,0.91579723,0.7297411,0.7317066
0.43702623,0.9228242,0.90574163,0.7323732,0.75058347
0.38497862,0.904523,0.93363667,0.7486382,0.7457942
0.41491055,0.93003863,0.910665,0.7357958,0.72204447
0.40319186,0.9180359,0.9355666,0.74079096,0.7361277
0.4152058,0.9277679,0.91782254,0.75464284,0.7354211
0.39462522,0.91367817,0.9174013,0.74052733,0.724512
0.41860023,0.92357725,0.9223163,0.7373607,0.73129064
0.41126537,0.92076224,0.92671466,0.74796575,0.7357667
0.39553913,0.91662806,0.91592497,0.74780256,0.73108226
0.42229077,0.9214995,0.9158344,0.73996216,0.7370007
0.3970228,0.91814876,0.9261916,0.7440253,0.74959266
0.41880393,0.9250507,0.9169948,0.75202066,0.73461205
0.3882403,0.91487664,0.9267428,0.73967195,0.7324884
0.42567456,0.9341627,0.91419286,0.7389399,0.73885804
0.4001452,0.9029894,0.9243877,0.7490546,0.74197584
0.4047961,0.91477185,0.91692615,0.7402461,0.73810565
0.4144246,0.914374,0.9203751,0.74139947,0.7396109
0.40515837,0.91415566,0.9181057,0.74436015,0.74469364
0.41468668,0.91977334,0.90803903,0.7356132,0.73763597
0.4108438,0.91109246,0.91462946,0.73937523,0.75065047
0.40436813,0.9120916,0.91423273,0.7352459,0.73756725
0.4143391,0.91477585,0.91475093,0.73407185,0.74547905
0.41032457,0.9172802,0.9156143,0.7396752,0.74840313
0.41829687,0.9157949,0.9249561,0.7401132,0.7377102
0.4001669,0.91466206,0.91521204,0.73117816,0.74125737
0.41654032,0.9201245,0.9074899,0.7320691,0.7452242
0.419555,0.91236424,0.9245313,0.72928184,0.7399292
0.40840912,0.9118289,0.92870915,0.73204315,0.75170517
0.41560185,0.9121563,0.9176169,0.7393583,0.74718237
0.40195245,0.9253054,0.9167343,0.73299724,0.7404122
0.42628834,0.92089224,0.9087247,0.7402816,0.74828464
0.39945796,0.9056523,0.9180404,0.74106085,0.7368796
0.42351258,0.91127604,0.9127112,0.7271946,0.7374527
0.39973003,0.91048366,0.92178994,0.74262196,0.74754035
0.41662335,0.92212766,0.91627645,0.7337679,0.7388716
0.41282836,0.9099111,0.9242634,0.7261047,0.73620594
0.41580147,0.916165,0.91506904,0.74039495,0.74743843
0.40150318,0.9073657,0.91389304,0.7438131,0.7313477
0.41981673,0.9162094,0.91509455,0.73942745,0.7334125
0.3930547,0.9149692,0.92224157,0.74625564,0.7394513
0.41742703,0.9170091,0.91240555,0.74182975,0.7330308
0.41226757,0.91941124,0.92457116,0.72813326,0.73807913
0.41675365,0.92691183,0.9056241,0.7430647,0.74102813
0.40099952,0.907609,0.91742325,0.7416379,0.74278164
0.42547393,0.9241535,0.915043,0.7407983,0.73368686
0.38536844,0.9136155,0.9195438,0.74042237,0.7446792
0.43313447,0.9300671,0.92067397,0.7366088,0.73997396
0.3886052,0.9083534,0.9278105,0.7330854,0.74613243
0.42538553,0.9187578,0.91621685,0.73692054,0.7434552
0.39549878,0.91514415,0.92142475,0.7343978,0.73111695
0.4238563,0.9138314,0.90740085,0.7356424,0.7337725
0.4057186,0.91012,0.92664564,0.73841864,0.74064225
0.40257907,0.91699183,0.90828,0.7349696,0.73116815
0.4191748,0.91678005,0.90888786,0.74988604,0.7467135
0.39520812,0.91289675,0.92647487,0.74779415,0.74254996
0.41264832,0.92364866,0.9101609,0.730714,0.7343962
0.41410923,0.92129457,0.92085624,0.740264,0.73924
0.41100687,0.9143746,0.9184663,0.73806655,0.739386
0.4048952,0.9226037,0.91935486,0.729891,0.73864317
0.4194799,0.92117816,0.9129076,0.74532825,0.73750764
0.39423177,0.91489106,0.9211053,0.74334174,0.7356489
0.4106687,0.92711437,0.91182166,0.7350332,0.7314747
0.41571987,0.91786224,0.91850424,0.7377204,0.74409884
0.40827712,0.92155385,0.9191165,0.7462503,0.7340641
0.40714914,0.9102486,0.91769874,0.7285278,0.73450065
0.418571,0.9179079,0.9206299,0.7378288,0.75045025
0.4046322,0.9223913,0.91369534,0.74373716,0.7376933
0.41034523,0.915794,0.91120464,0.7338086,0.7288375
0.4079407,0.9147417,0.91263086,0.7347538,0.74209714
0.4130224,0.9200167,0.9209593,0.7443173,0.735472
0.40125927,0.91579926,0.9145109,0.73413116,0.7308273
0.42095393,0.91420126,0.91492116,0.73956484,0.73860127
0.40285563,0.91090816,0.9158962,0.7411211,0.7427077
0.41510528,0.917353,0.9151673,0.7350521,0.74114174
0.40405935,0.9121153,0.9206936,0.7386385,0.74886465
0.41201073,0.9150888,0.9130272,0.7345547,0.73848754
0.40891355,0.9159044,0.9123712,0.73130494,0.7457013
0.42208886,0.9146942,0.90905136,0.73854643,0.7418357
0.40491864,0.9176006,0.9137834,0.73083633,0.7503911
0.42540365,0.9220223,0.9143588,0.73419315,0.74664026
0.40563112,0.91365933,0.9178958,0.73345345,0.7445227
0.42366558,0.9237252,0.9135925,0.7309589,0.7441335
0.41123587,0.9170243,0.9182996,0.7327375,0.7410165
0.4120833,0.9086515,0.9106365,0.73529935,0.742745
0.4107113,0.925554,0.9145396,0.7451574,0.7440543
0.40922043,0.90892065,0.9122009,0.7356776,0.7415327
0.42453423,0.9205609,0.9213822,0.74314684,0.7313325
0.38995662,0.9137254,0.92296165,0.7301375,0.73241603
0.4369525,0.9219201,0.9148052,0.7425617,0.7435311
0.38512835,0.9131534,0.9222456,0.7398329,0.7397718
0.43122536,0.9268745,0.90617424,0.7315715,0.7467844
0.3939144,0.9148734,0.9330269,0.74210596,0.74081707
0.4284557,0.9231391,0.900886,0.7199056,0.7345496
0.40905404,0.9083855,0.9206039,0.73110145,0.75281256
0.4140352,0.9187304,0.91204554,0.73605734,0.75080025
0.40929452,0.91351795,0.9101759,0.7264197,0.7371834
0.4203301,0.9144152,0.9212531,0.72352123,0.7463318
0.409718,0.917256,0.92110664,0.734252,0.75541985
0.41735372,0.91949415,0.91062987,0.73042506,0.74142843
0.41060215,0.9105119,0.9161882,0.7251324,0.74284625
0.4255795,0.9175783,0.905983,0.74523926,0.7530545
0.39356494,0.9136911,0.91282177,0.7301152,0.7318735
0.4309702,0.92566425,0.9064032,0.7274708,0.7478828
0.3994789,0.9111499,0.93222654,0.74311686,0.745522
0.42053482,0.90704525,0.90808403,0.7355222,0.7369874
0.40680158,0.9136361,0.92458296,0.73522323,0.74114
