A,B,C,D,E,F,G,H,I,J
0.54758954,0.38047516,0.62483364,0.5076117,0.43150416,0.5909533,0.6071352,0.7203612,0.539475,0.3754454
0.46835697,0.5232467,0.5627631,0.3552368,0.47202212,0.6895351,0.49961013,0.38202366,0.38361785,0.6026651
0.50911033,0.5117659,0.6272286,0.4747303,0.38462824,0.45382035,0.4616787,0.38848963,0.4797876,0.74523145
0.48899955,0.36774328,0.61842674,0.2645128,0.4483256,0.3726691,0.46670133,0.596419,0.3510425,0.4237691
0.5671868,0.2943602,0.6464195,0.35458812,0.21895479,0.5935658,0.48211637,0.3781163,0.55294764,0.35731772
0.4025099,0.3611725,0.49340698,0.5537709,0.26369002,0.47047105,0.42002052,0.25992307,0.39332974,0.36436895
0.43173152,0.49789718,0.25682634,0.3466656,0.39195785,0.32366717,0.187866,0.42617196,0.39898738,0.38076898
0.42990348,0.26560116,0.28493726,0.17925793,0.38711557,0.51136035,0.49802798,0.62089914,0.23602358,0.47191602
0.6252814,0.30489177,0.66402847,0.49465987,0.30443555,0.44526032,0.35413107,0.34466794,0.2539094,0.4285132
0.53242254,0.31258523,0.4688451,0.4978762,0.16105542,0.37862006,0.33741906,0.47488487,0.12901732,0.44153127
0.2852499,0.23444767,0.45138788,0.17304488,0.27123186,0.34987614,0.4085773,0.51860064,0.38416293,0.49331713
0.49930337,0.2872318,0.45566458,0.5420469,0.38600424,0.5817945,0.42209506,0.3524434,0.16099767,0.35102412
0.4164957,0.29663354,0.49633935,0.60029554,0.2330123,0.47708234,0.4060328,0.3988621,0.32387567,0.44432676
0.5222101,0.35320985,0.64555347,0.62322104,0.37131497,0.48094305,0.36621204,0.294855,0.29715297,0.37460446
0.48704496,0.32722282,0.50274557,0.2856199,0.3610906,0.39665338,0.2782732,0.6414214,0.43311748,0.39558318
0.52014613,0.25297412,0.47608793,0.44201913,0.12375029,0.5968414,0.5340101,0.31964988,0.22771971,0.48145515
0.6883044,0.34115857,0.53416884,0.27017277,0.38580915,0.2319345,0.27772427,0.57531804,0.24850333,0.40790024
0.45596763,0.2377314,0.3017359,0.39843798,0.060503453,0.56898504,0.48405313,0.42615741,0.395074,0.4444997
0.64769,0.28093928,0.60705036,0.39904866,0.3361797,0.28638282,0.29488522,0.37380916,0.07077738,0.61907893
0.21642444,0.013294838,0.20048639,0.35649422,0.26719138,0.23610479,0.21123281,0.19100514,0.28149536,0.34501696
0.21642444,0.013294838,0.20048639,0.35649422,0.26719138,0.23610479,0.21123281,0.19100514,0.28149536,0.34501696
0.21192625,0.011478476,0.20104057,0.35621035,0.26692575,0.23565117,0.21017915,0.19074199,0.28142455,0.34335366
0.21188118,0.0114718005,0.20103914,0.35620847,0.2669248,0.23564705,0.21016607,0.19074208,0.28142452,0.34334213
0.21188074,0.011471771,0.20103915,0.35620844,0.2669248,0.23564702,0.21016592,0.19074208,0.28142452,0.34334204
0.21188073,0.011471771,0.20103915,0.35620844,0.2669248,0.23564702,0.21016592,0.19074208,0.28142452,0.34334204
0.21188071,0.011471771,0.20103915,0.35620844,0.2669248,0.23564702,0.21016592,0.19074208,0.28142452,0.34334204
0.21188074,0.011471771,0.20103915,0.35620844,0.2669248,0.23564702,0.21016592,0.19074208,0.28142452,0.34334204
0.21188073,0.011471771,0.20103915,0.35620844,0.2669248,0.23564702,0.21016592,0.19074208,0.28142452,0.34334204
0.21188071,0.011471771,0.20103915,0.35620844,0.2669248,0.23564702,0.21016592,0.19074208,0.28142452,0.34334204
0.21188074,0.011471771,0.20103915,0.35620844,0.2669248,0.23564702,0.21016592,0.19074208,0.28142452,0.34334204
0.21188073,0.011471771,0.20103915,0.35620844,0.2669248,0.23564702,0.21016592,0.19074208,0.28142452,0.34334204
0.21188071,0.011471771,0.20103915,0.35620844,0.2669248,0.23564702,0.21016592,0.19074208,0.28142452,0.34334204
0.21188074,0.011471771,0.20103915,0.35620844,0.2669248,0.23564702,0.21016592,0.19074208,0.28142452,0.34334204
0.21188073,0.011471771,0.20103915,0.35620844,0.2669248,0.23564702,0.21016592,0.19074208,0.28142452,0.34334204
0.21188071,0.011471771,0.20103915,0.35620844,0.2669248,0.23564702,0.21016592,0.19074208,0.28142452,0.34334204
0.21188074,0.011471771,0.20103915,0.35620844,0.2669248,0.23564702,0.21016592,0.19074208,0.28142452,0.34334204
0.21188073,0.011471771,0.20103915,0.35620844,0.2669248,0.23564702,0.21016592,0.19074208,0.28142452,0.34334204
0.21188071,0.011471771,0.20103915,0.35620844,0.2669248,0.23564702,0.21016592,0.19074208,0.28142452,0.34334204
0.21188074,0.011471771,0.20103915,0.35620844,0.2669248,0.23564702,0.21016592,0.19074208,0.28142452,0.34334204
0.21188073,0.011471771,0.20103915,0.35620844,0.2669248,0.23564702,0.21016592,0.19074208,0.28142452,0.34334204
0.7935547,0.5640222,0.5764015,0.45036143,0.49505493,0.52203774,0.50295293,0.45694908,0.5416225,0.5572421
0.674054,0.5529651,0.74374515,0.31460702,0.3060743,0.31520697,0.647513,0.71412545,0.546662,0.46322587
0.43058798,0.38498202,0.70752627,0.31773743,0.46617815,0.733811,0.5999827,0.45192522,0.4086191,0.30070344
0.76052445,0.44323754,0.68260515,0.70878774,0.23830149,0.569157,0.40884322,0.40359455,0.27307326,0.66554
0.6496962,0.39439017,0.1853797,0.7057239,0.6114445,0.38591078,0.5737735,0.5886473,0.43113047,0.4096218
0.31155393,0.47195655,0.6895668,0.257584,0.43019113,0.4080825,0.506989,0.7258839,0.5313871,0.6129827
0.33695677,0.3831276,0.56242,0.30401906,0.44765916,0.6479455,0.6180419,0.41543984,0.5099843,0.4554798
0.49596816,0.4539921,0.9144056,0.5505151,0.47734025,0.45570853,0.41788313,0.31394255,0.39722753,0.67893606
0.6791771,0.3221548,0.35769996,0.34191948,0.42662913,0.61737293,0.49781576,0.45918718,0.5158805,0.5916761
0.5690177,0.58396465,0.49680746,0.7374467,0.44442225,0.41860896,0.41979337,0.4812449,0.3585077,0.63442075
0.37895727,0.53287685,0.39199385,0.3892926,0.5962019,0.49921694,0.65401644,0.40523523,0.4852631,0.42478645
0.6663442,0.46773317,0.69211334,0.48375496,0.35046774,0.6490831,0.4451987,0.65183115,0.7350589,0.5264834
0.52816147,0.5310578,0.56543934,0.42904568,0.34373197,0.62243426,0.51711917,0.415469,0.3473946,0.51010495
0.69536054,0.48270416,0.5246503,0.48856553,0.44079104,0.4424806,0.5130047,0.49015927,0.41474876,0.42051926
0.54703826,0.40538928,0.41215876,0.56253546,0.52152884,0.6410012,0.40214732,0.6003028,0.4610511,0.39294255
0.21501301,0.53257257,0.42690623,0.5851425,0.6408074,0.51121294,0.45831606,0.4794133,0.5452429,0.6042558
0.47279516,0.5709582,0.38476536,0.4689481,0.55273396,0.5844892,0.55492693,0.6697057,0.54134583,0.5783308
0.5792069,0.4857979,0.5709839,0.65831333,0.33177528,0.5167958,0.5851595,0.6360043,0.5572851,0.6323276
0.59959066,0.47613597,0.44380224,0.60447186,0.37476814,0.54189694,0.65336466,0.4815706,0.44771767,0.4211252
0.21593499,0.015226923,0.2005817,0.35784447,0.26734704,0.23873588,0.21593803,0.1913906,0.28158098,0.3437751
0.21593499,0.015226923,0.2005817,0.35784447,0.26734704,0.23873588,0.21593803,0.1913906,0.28158098,0.3437751
0.21192135,0.011485584,0.20104033,0.35621932,0.26692635,0.23567504,0.21023762,0.19074184,0.2814246,0.34334505
0.21188113,0.01147183,0.20103914,0.35620853,0.2669248,0.23564726,0.21016678,0.19074208,0.28142452,0.34334207
0.21188073,0.011471771,0.20103915,0.35620844,0.2669248,0.23564702,0.21016592,0.19074208,0.28142452,0.34334204
0.21188071,0.011471771,0.20103915,0.35620844,0.2669248,0.23564702,0.21016592,0.19074208,0.28142452,0.34334204
0.21188074,0.011471771,0.20103915,0.35620844,0.2669248,0.23564702,0.21016592,0.19074208,0.28142452,0.34334204
0.21188073,0.011471771,0.20103915,0.35620844,0.2669248,0.23564702,0.21016592,0.19074208,0.28142452,0.34334204
0.21188071,0.011471771,0.20103915,0.35620844,0.2669248,0.23564702,0.21016592,0.19074208,0.28142452,0.34334204
0.21188074,0.011471771,0.20103915,0.35620844,0.2669248,0.23564702,0.21016592,0.19074208,0.28142452,0.34334204
0.21188073,0.011471771,0.20103915,0.35620844,0.2669248,0.23564702,0.21016592,0.19074208,0.28142452,0.34334204
0.21188071,0.011471771,0.20103915,0.35620844,0.2669248,0.23564702,0.21016592,0.19074208,0.28142452,0.34334204
0.21188074,0.011471771,0.20103915,0.35620844,0.2669248,0.23564702,0.21016592,0.19074208,0.28142452,0.34334204
0.21188073,0.011471771,0.20103915,0.35620844,0.2669248,0.23564702,0.21016592,0.19074208,0.28142452,0.34334204
0.21188071,0.011471771,0.20103915,0.35620844,0.2669248,0.23564702,0.21016592,0.19074208,0.28142452,0.34334204
0.21188074,0.011471771,0.20103915,0.35620844,0.2669248,0.23564702,0.21016592,0.19074208,0.28142452,0.34334204
0.21188073,0.011471771,0.20103915,0.35620844,0.2669248,0.23564702,0.21016592,0.19074208,0.28142452,0.34334204
0.21188071,0.011471771,0.20103915,0.35620844,0.2669248,0.23564702,0.21016592,0.19074208,0.28142452,0.34334204
0.21188074,0.011471771,0.20103915,0.35620844,0.2669248,0.23564702,0.21016592,0.19074208,0.28142452,0.34334204
0.21188073,0.011471771,0.20103915,0.35620844,0.2669248,0.23564702,0.21016592,0.19074208,0.28142452,0.34334204
0.21188071,0.011471771,0.20103915,0.35620844,0.2669248,0.23564702,0.21016592,0.19074208,0.28142452,0.34334204
0.5353883,0.4923418,0.58945525,0.5054797,0.19437656,0.35551572,0.2903856,0.41327983,0.28245863,0.3741185
0.3011638,0.32362878,0.3866446,0.46839958,0.60292494,0.28173396,0.34237835,0.52736455,0.42661816,0.43561983
0.33037204,0.4429218,0.16636696,0.36646557,0.6341291,0.5797592,0.4840333,0.33099818,0.44728395,0.39977017
0.6064575,0.41818005,0.3829399,0.37049437,0.39550406,0.31793922,0.4019093,0.41344598,0.5064405,0.6590759
0.31234536,0.36280385,0.38940156,0.39533755,0.36911955,0.3575328,0.5981498,0.454297,0.35557365,0.5436506
0.35979834,0.23397768,0.68094504,0.6141565,0.3654233,0.371478,0.25583288,0.32964036,0.45077088,0.41609612
0.50322866,0.315911,0.25793156,0.39875162,0.696574,0.5728377,0.3523952,0.36513746,0.25907314,0.3173978
0.4808045,0.41815984,0.53335613,0.40984857,0.28596106,0.50231045,0.4409578,0.7010375,0.3768152,0.6058121
0.58249134,0.3461858,0.58333755,0.47211373,0.3187252,0.5964858,0.5746638,0.38996348,0.32915843,0.59594107
0.6924387,0.45710555,0.501288,0.54212207,0.48224974,0.6252703,0.48258555,0.45772764,0.43956012,0.43298247
0.59918267,0.45468375,0.4270771,0.7780916,0.6775112,0.4337146,0.52881753,0.5833211,0.278087,0.41737223
0.42067298,0.5218272,0.62276787,0.34198007,0.51955783,0.59814566,0.5458887,0.63270545,0.4669546,0.61110556
0.6501888,0.5101319,0.6487056,0.58103484,0.27362087,0.6734778,0.6550949,0.5490644,0.4677177,0.6436428
0.5954932,0.53208685,0.8251001,0.2997097,0.4486933,0.5079493,0.5391983,0.44963172,0.44921488,0.5881725
0.6112504,0.44909632,0.64206904,0.6410197,0.34293965,0.50928885,0.3996025,0.56389034,0.55601954,0.5350087
0.56160384,0.44772795,0.54118866,0.11957814,0.75308514,0.642626,0.6353112,0.51879364,0.3758463,0.39352116
0.4508993,0.43530473,0.6989793,0.45760113,0.30047747,0.59070426,0.48314756,0.6551938,0.6859741,0.76691663
0.64406925,0.4749,0.47699156,0.6110439,0.5291727,0.63283193,0.5572695,0.4507423,0.28381506,0.59375745
0.95223206,0.51035964,0.45132738,0.4547412,0.60835683,0.46865577,0.5110414,0.5453828,0.5150021,0.5941021
0.21948594,0.01555609,0.2005775,0.3568362,0.26826638,0.23794219,0.2140749,0.19160388,0.28170347,0.34483764
0.21948594,0.01555609,0.2005775,0.3568362,0.26826638,0.23794219,0.2140749,0.19160388,0.28170347,0.34483764
0.21195659,0.011486806,0.20104033,0.35621262,0.26692966,0.23566782,0.21021448,0.19074176,0.28142467,0.3433524
0.21188149,0.01147183,0.20103914,0.35620847,0.26692483,0.2356472,0.21016651,0.19074208,0.28142452,0.3433421
0.21188073,0.011471771,0.20103915,0.35620844,0.2669248,0.23564702,0.21016592,0.19074208,0.28142452,0.34334204
0.21188071,0.011471771,0.20103915,0.35620844,0.2669248,0.23564702,0.21016592,0.19074208,0.28142452,0.34334204
0.21188074,0.011471771,0.20103915,0.35620844,0.2669248,0.23564702,0.21016592,0.19074208,0.28142452,0.34334204
0.21188073,0.011471771,0.20103915,0.35620844,0.2669248,0.23564702,0.21016592,0.19074208,0.28142452,0.34334204
0.21188071,0.011471771,0.20103915,0.35620844,0.2669248,0.23564702,0.21016592,0.19074208,0.28142452,0.34334204
0.21188074,0.011471771,0.20103915,0.35620844,0.2669248,0.23564702,0.21016592,0.19074208,0.28142452,0.34334204
0.21188073,0.011471771,0.20103915,0.35620844,0.2669248,0.23564702,0.21016592,0.19074208,0.28142452,0.34334204
0.21188071,0.011471771,0.20103915,0.35620844,0.2669248,0.23564702,0.21016592,0.19074208,0.28142452,0.34334204
0.21188074,0.011471771,0.20103915,0.35620844,0.2669248,0.23564702,0.21016592,0.19074208,0.28142452,0.34334204
0.21188073,0.011471771,0.20103915,0.35620844,0.2669248,0.23564702,0.21016592,0.19074208,0.28142452,0.34334204
0.21188071,0.011471771,0.20103915,0.35620844,0.2669248,0.23564702,0.21016592,0.19074208,0.28142452,0.34334204
0.21188074,0.011471771,0.20103915,0.35620844,0.2669248,0.23564702,0.21016592,0.19074208,0.28142452,0.34334204
0.21188073,0.011471771,0.20103915,0.35620844,0.2669248,0.23564702,0.21016592,0.19074208,0.28142452,0.34334204
0.21188071,0.011471771,0.20103915,0.35620844,0.2669248,0.23564702,0.21016592,0.19074208,0.28142452,0.34334204
0.21188074,0.011471771,0.20103915,0.35620844,0.2669248,0.23564702,0.21016592,0.19074208,0.28142452,0.34334204
0.21188073,0.011471771,0.20103915,0.35620844,0.2669248,0.23564702,0.21016592,0.19074208,0.28142452,0.34334204
0.21188071,0.011471771,0.20103915,0.35620844,0.2669248,0.23564702,0.21016592,0.19074208,0.28142452,0.34334204
0.59685266,0.40885642,0.25637752,0.5271946,0.33138335,0.50113684,0.44510278,0.42223492,0.522352,0.7395082
0.7796072,0.48968974,0.4283576,0.42410702,0.24566208,0.26302367,0.59058356,0.559356,0.4653717,0.32409072
0.40818503,0.3928668,0.53114265,0.31167296,0.4537863,0.24032734,0.3885819,0.5746337,0.43418688,0.1260315
0.05050739,0.29099855,0.38750118,0.1875472,0.38594967,0.67019844,0.38688242,0.3170965,0.40726584,0.43989196
0.594585,0.5647331,0.2718348,0.83180326,0.46075946,0.47933817,0.29213902,0.18063435,0.22105151,0.52076775
0.5453404,0.53012687,0.49131557,0.3258748,0.6448297,0.36886263,0.38740125,0.57617694,0.354083,0.47542456
0.48833004,0.40037602,0.40026066,0.34136355,0.44860214,0.62672293,0.6091209,0.45952034,0.6403528,0.57773244
0.6045659,0.35172287,0.6129027,0.69174504,0.33699262,0.52964187,0.57231367,0.41896522,0.31201062,0.4744549
0.38049436,0.45544848,0.7190742,0.5225659,0.32712317,0.52378756,0.42852417,0.57548237,0.37037206,0.5575336
0.4901667,0.44470814,0.34342602,0.30697885,0.3044985,0.57782584,0.54359454,0.35504115,0.51491874,0.42200983
0.83882993,0.4117304,0.6316093,0.71075124,0.2491421,0.26053426,0.4021375,0.3689248,0.43503198,0.66349137
0.5000137,0.38880518,0.59928155,0.45738393,0.56141424,0.20657305,0.38345557,0.59427816,0.28123686,0.36493984
0.22474673,0.36658156,0.34541336,0.27636895,0.63077766,0.65609354,0.4368185,0.59764266,0.4591659,0.2705519
0.44008577,0.40165994,0.56014824,0.59857935,0.32902667,0.5038405,0.34583798,0.36609164,0.49467063,0.3984448
0.34151483,0.41714314,0.5680774,0.25508735,0.47274736,0.3694666,0.41525435,0.5029154,0.3213092,0.5008257
0.33256796,0.34651127,0.39692786,0.50801605,0.36349294,0.44847846,0.46695554,0.3921638,0.6013288,0.46738282
0.4539532,0.41436186,0.5166567,0.2707758,0.39215708,0.24153754,0.41589233,0.2577635,0.01830057,0.44793436
0.1799551,0.24282692,0.42414433,0.26496437,0.28192902,0.3514494,0.35254374,0.32537165,0.4430277,0.3524905
0.39497384,0.19068073,0.5037257,0.34180495,0.1623598,0.34214705,0.31162712,0.14631617,0.2577601,0.42977095
0.21376532,0.012467377,0.20054424,0.35611287,0.2665359,0.23660907,0.21144682,0.19076633,0.28141138,0.34382194
0.21376532,0.012467377,0.20054424,0.35611287,0.2665359,0.23660907,0.21144682,0.19076633,0.28141138,0.34382194
0.21189962,0.011475436,0.20104042,0.35620782,0.2669234,0.23565573,0.21018183,0.19074205,0.28142452,0.34334534
0.21188092,0.011471786,0.20103914,0.35620844,0.2669248,0.23564708,0.2101661,0.19074208,0.28142452,0.34334207
0.21188073,0.011471771,0.20103915,0.35620844,0.2669248,0.23564702,0.21016592,0.19074208,0.28142452,0.34334204
0.21188071,0.011471771,0.20103915,0.35620844,0.2669248,0.23564702,0.21016592,0.19074208,0.28142452,0.34334204
0.21188074,0.011471771,0.20103915,0.35620844,0.2669248,0.23564702,0.21016592,0.19074208,0.28142452,0.34334204
0.21188073,0.011471771,0.20103915,0.35620844,0.2669248,0.23564702,0.21016592,0.19074208,0.28142452,0.34334204
0.21188071,0.011471771,0.20103915,0.35620844,0.2669248,0.23564702,0.21016592,0.19074208,0.28142452,0.34334204
0.21188074,0.011471771,0.20103915,0.35620844,0.2669248,0.23564702,0.21016592,0.19074208,0.28142452,0.34334204
0.21188073,0.011471771,0.20103915,0.35620844,0.2669248,0.23564702,0.21016592,0.19074208,0.28142452,0.34334204
0.21188071,0.011471771,0.20103915,0.35620844,0.2669248,0.23564702,0.21016592,0.19074208,0.28142452,0.34334204
0.21188074,0.011471771,0.20103915,0.35620844,0.2669248,0.23564702,0.21016592,0.19074208,0.28142452,0.34334204
0.21188073,0.011471771,0.20103915,0.35620844,0.2669248,0.23564702,0.21016592,0.19074208,0.28142452,0.34334204
0.21188071,0.011471771,0.20103915,0.35620844,0.2669248,0.23564702,0.21016592,0.19074208,0.28142452,0.34334204
0.21188074,0.011471771,0.20103915,0.35620844,0.2669248,0.23564702,0.21016592,0.19074208,0.28142452,0.34334204
0.21188073,0.011471771,0.20103915,0.35620844,0.2669248,0.23564702,0.21016592,0.19074208,0.28142452,0.34334204
0.21188071,0.011471771,0.20103915,0.35620844,0.2669248,0.23564702,0.21016592,0.19074208,0.28142452,0.34334204
0.21188074,0.011471771,0.20103915,0.35620844,0.2669248,0.23564702,0.21016592,0.19074208,0.28142452,0.34334204
0.21188073,0.011471771,0.20103915,0.35620844,0.2669248,0.23564702,0.21016592,0.19074208,0.28142452,0.34334204
0.21188071,0.011471771,0.20103915,0.35620844,0.2669248,0.23564702,0.21016592,0.19074208,0.28142452,0.34334204
0.5068667,0.60737354,0.48477632,0.44168377,0.64785105,0.52369416,0.5802061,0.6333781,0.52954257,0.7106492
0.63528776,0.5309609,0.66693807,0.24339649,0.40446663,0.52679724,0.6624166,0.64936495,0.65535,0.6359791
0.73546356,0.47894925,0.747074,0.5005667,0.5775542,0.5223579,0.6671386,0.5365484,0.33456537,0.4117841
0.48755732,0.5202158,0.6927363,0.2734882,0.3094234,0.5941921,0.5118233,0.67389786,0.36509496,0.55008185
0.58092517,0.39435655,0.71298635,0.29038575,0.3747895,0.6265215,0.6649229,0.45478913,0.3824781,0.47932768
0.34575248,0.420851,0.5323409,0.51466006,0.48004815,0.473931,0.49001536,0.35874873,0.47804064,0.49412352
0.39017582,0.46417263,0.54454523,0.5800713,0.46828318,0.46048057,0.39752844,0.5021804,0.61713535,0.43625182
0.5136691,0.53012156,0.5434663,0.23317887,0.54695797,0.36199602,0.3581073,0.51463974,0.39541382,0.5828891
0.51131284,0.3825661,0.5657228,0.52005595,0.398674,0.48485842,0.5121572,0.52749103,0.558235,0.5570292
0.72490364,0.40597746,0.533463,0.4939464,0.42245924,0.5444632,0.49728733,0.6379996,0.3963233,0.48647442
0.5038636,0.35849166,0.8036124,0.44780236,0.35799614,0.5640614,0.38836277,0.5359142,0.41480765,0.5861456
0.9243892,0.40666172,0.46002504,0.24161114,0.63114285,0.60242105,0.5728683,0.41241783,0.49013972,0.54756427
0.6425903,0.5709122,0.67139065,0.42237878,0.22194245,0.5589274,0.50823796,0.63147753,0.40551162,0.61141634
0.6904063,0.47598985,0.28178778,0.51156896,0.31492192,0.49491072,0.67347145,0.525045,0.4494381,0.46496803
0.29282275,0.33784294,0.81840163,0.580566,0.7220055,0.3732404,0.49583572,0.48678517,0.54689354,0.4207706
0.5193802,0.38119406,0.47321838,0.65664953,0.56353426,0.60379744,0.4215929,0.5249277,0.39896655,0.6730704
0.85181546,0.46709114,0.46636635,0.6138077,0.42790145,0.77010703,0.55469596,0.55877364,0.42834893,0.54183084
0.6340771,0.5021655,0.35118937,0.4093856,0.29033023,0.6074985,0.55034816,0.6794617,0.42704076,0.55764383
0.71565795,0.5342068,0.7168867,0.46978855,0.20496786,0.460671,0.63119453,0.5582892,0.2873819,0.29370248
0.21713334,0.015768372,0.2004309,0.35692945,0.26669893,0.2378532,0.21564806,0.1916464,0.28142783,0.34299052
0.21713334,0.015768372,0.2004309,0.35692945,0.26669893,0.2378532,0.21564806,0.1916464,0.28142783,0.34299052
0.21193336,0.011487581,0.20104071,0.35621324,0.266924,0.23566702,0.21023402,0.19074175,0.28142452,0.3433396
0.21188125,0.01147183,0.20103914,0.3562085,0.2669248,0.2356472,0.21016675,0.19074208,0.28142452,0.343342
0.21188074,0.011471771,0.20103915,0.35620844,0.2669248,0.23564702,0.21016592,0.19074208,0.28142452,0.34334204
0.21188073,0.011471771,0.20103915,0.35620844,0.2669248,0.23564702,0.21016592,0.19074208,0.28142452,0.34334204
0.21188071,0.011471771,0.20103915,0.35620844,0.2669248,0.23564702,0.21016592,0.19074208,0.28142452,0.34334204
0.21188074,0.011471771,0.20103915,0.35620844,0.2669248,0.23564702,0.21016592,0.19074208,0.28142452,0.34334204
0.21188073,0.011471771,0.20103915,0.35620844,0.2669248,0.23564702,0.21016592,0.19074208,0.28142452,0.34334204
0.21188071,0.011471771,0.20103915,0.35620844,0.2669248,0.23564702,0.21016592,0.19074208,0.28142452,0.34334204
0.21188074,0.011471771,0.20103915,0.35620844,0.2669248,0.23564702,0.21016592,0.19074208,0.28142452,0.34334204
0.21188073,0.011471771,0.20103915,0.35620844,0.2669248,0.23564702,0.21016592,0.19074208,0.28142452,0.34334204
0.21188071,0.011471771,0.20103915,0.35620844,0.2669248,0.23564702,0.21016592,0.19074208,0.28142452,0.34334204
0.21188074,0.011471771,0.20103915,0.35620844,0.2669248,0.23564702,0.21016592,0.19074208,0.28142452,0.34334204
0.21188073,0.011471771,0.20103915,0.35620844,0.2669248,0.23564702,0.21016592,0.19074208,0.28142452,0.34334204
0.21188071,0.011471771,0.20103915,0.35620844,0.2669248,0.23564702,0.21016592,0.19074208,0.28142452,0.34334204
0.21188074,0.011471771,0.20103915,0.35620844,0.2669248,0.23564702,0.21016592,0.19074208,0.28142452,0.34334204
0.21188073,0.011471771,0.20103915,0.35620844,0.2669248,0.23564702,0.21016592,0.19074208,0.28142452,0.34334204
0.21188071,0.011471771,0.20103915,0.35620844,0.2669248,0.23564702,0.21016592,0.19074208,0.28142452,0.34334204
0.21188074,0.011471771,0.20103915,0.35620844,0.2669248,0.23564702,0.21016592,0.19074208,0.28142452,0.34334204
0.21188073,0.011471771,0.20103915,0.35620844,0.2669248,0.23564702,0.21016592,0.19074208,0.28142452,0.34334204
0.67327106,0.4581366,0.4499249,0.38886324,0.5805127,0.70501685,0.41180885,0.5280664,0.4368558,0.38761246
0.26994574,0.56825566,0.4840511,0.65508085,0.18739913,0.37745178,0.41546673,0.7521858,0.50309783,0.5182096
0.47514704,0.40574968,0.37098476,0.27477506,0.5258912,0.53210086,0.5562131,0.4898138,0.72008485,0.377178
0.66383535,0.498462,0.5132031,0.20972449,0.48107058,0.4210965,0.47102004,0.4230312,0.4341131,0.49578172
0.5663823,0.40119454,0.52206177,0.45667237,0.62295574,0.4934848,0.39319387,0.45024154,0.44603413,0.49432796
0.51773506,0.47578767,0.39048842,0.42539284,0.7692579,0.5917714,0.5090351,0.60772425,0.6337805,0.6801269
0.5566035,0.56871974,0.40798885,0.5792005,0.4215343,0.5373401,0.71291906,0.6199476,0.7023144,0.5752949
0.4582765,0.69077575,0.7237782,0.3528918,0.5567506,0.52467227,0.65014404,0.6217517,0.5885749,0.50617766
0.3932321,0.55403525,0.62888247,0.43041742,0.28819183,0.5976277,0.6031431,0.61269826,0.6507792,0.53725684
0.617476,0.52580637,0.45127943,0.45292312,0.37270558,0.562069,0.5628812,0.48195302,0.56524915,0.53191876
0.50059825,0.4406224,0.47486046,0.20138575,0.44589925,0.39682156,0.50915337,0.48754418,0.5434138,0.49791065
0.5253425,0.3220177,0.60189354,0.35399726,0.16931611,0.42623362,0.41155848,0.48033693,0.24960725,0.5618595
0.5395842,0.279739,0.353723,0.5492314,0.3403593,0.423193,0.44677165,0.38602242,0.23631942,0.30838794
0.32965168,0.29651982,0.616347,0.25074947,0.27792346,0.3712621,0.32250476,0.4155146,0.4041488,0.49639836
0.5510664,0.215618,0.3720577,0.49183056,0.23573847,0.46208233,0.36933872,0.36875436,0.22823693,0.34857652
0.59525067,0.24121463,0.43999162,0.3975851,0.37755725,0.2612481,0.28085825,0.49447802,0.13907075,0.38330787
0.27593008,0.22626303,0.3022828,0.40482792,0.32239836,0.2792783,0.3960621,0.37331694,0.19306973,0.3015559
0.067584485,0.24964686,0.5179083,0.42274487,0.2972873,0.27906397,0.3406543,0.29737028,0.22247855,0.36830446
0.6074033,0.10701213,0.53790736,0.29252326,0.41647756,0.5832632,0.32523763,0.20664348,0.2549206,0.31157637
0.2160145,0.01190149,0.20052311,0.35579923,0.2675175,0.23917061,0.21162021,0.1907424,0.2814098,0.34312028
0.2160145,0.01190149,0.20052311,0.35579923,0.2675175,0.23917061,0.21162021,0.1907424,0.2814098,0.34312028
0.21192214,0.01147335,0.20104048,0.35620573,0.26692694,0.23567897,0.21018398,0.19074208,0.28142452,0.34334052
0.21188115,0.011471786,0.20103914,0.35620844,0.26692483,0.23564729,0.21016613,0.19074208,0.28142452,0.343342
0.21188074,0.011471771,0.20103915,0.35620844,0.2669248,0.23564702,0.21016592,0.19074208,0.28142452,0.34334204
0.21188073,0.011471771,0.20103915,0.35620844,0.2669248,0.23564702,0.21016592,0.19074208,0.28142452,0.34334204
0.21188071,0.011471771,0.20103915,0.35620844,0.2669248,0.23564702,0.21016592,0.19074208,0.28142452,0.34334204
0.21188074,0.011471771,0.20103915,0.35620844,0.2669248,0.23564702,0.21016592,0.19074208,0.28142452,0.34334204
0.21188073,0.011471771,0.20103915,0.35620844,0.2669248,0.23564702,0.21016592,0.19074208,0.28142452,0.34334204
0.21188071,0.011471771,0.20103915,0.35620844,0.2669248,0.23564702,0.21016592,0.19074208,0.28142452,0.34334204
0.21188074,0.011471771,0.20103915,0.35620844,0.2669248,0.23564702,0.21016592,0.19074208,0.28142452,0.34334204
0.21188073,0.011471771,0.20103915,0.35620844,0.2669248,0.23564702,0.21016592,0.19074208,0.28142452,0.34334204
0.21188071,0.011471771,0.20103915,0.35620844,0.2669248,0.23564702,0.21016592,0.19074208,0.28142452,0.34334204
0.21188074,0.011471771,0.20103915,0.35620844,0.2669248,0.23564702,0.21016592,0.19074208,0.28142452,0.34334204
0.21188073,0.011471771,0.20103915,0.35620844,0.2669248,0.23564702,0.21016592,0.19074208,0.28142452,0.34334204
0.21188071,0.011471771,0.20103915,0.35620844,0.2669248,0.23564702,0.21016592,0.19074208,0.28142452,0.34334204
0.21188074,0.011471771,0.20103915,0.35620844,0.2669248,0.23564702,0.21016592,0.19074208,0.28142452,0.34334204
0.21188073,0.011471771,0.20103915,0.35620844,0.2669248,0.23564702,0.21016592,0.19074208,0.28142452,0.34334204
0.21188071,0.011471771,0.20103915,0.35620844,0.2669248,0.23564702,0.21016592,0.19074208,0.28142452,0.34334204
0.21188074,0.011471771,0.20103915,0.35620844,0.2669248,0.23564702,0.21016592,0.19074208,0.28142452,0.34334204
0.21188073,0.011471771,0.20103915,0.35620844,0.2669248,0.23564702,0.21016592,0.19074208,0.28142452,0.34334204
0.72490364,0.40597746,0.533463,0.4939464,0.42245924,0.5444632,0.49728733,0.6379996,0.3963233,0.48647442
0.5038636,0.35849166,0.8036124,0.44780236,0.35799614,0.5640614,0.38836277,0.5359142,0.41480765,0.5861456
0.9243892,0.40666172,0.46002504,0.24161114,0.63114285,0.60242105,0.5728683,0.41241783,0.49013972,0.54756427
0.6425903,0.5709122,0.67139065,0.42237878,0.22194245,0.5589274,0.50823796,0.63147753,0.40551162,0.61141634
0.6904063,0.47598985,0.28178778,0.51156896,0.31492192,0.49491072,0.67347145,0.525045,0.4494381,0.46496803
0.29282275,0.33784294,0.81840163,0.580566,0.7220055,0.3732404,0.49583572,0.48678517,0.54689354,0.4207706
0.5193802,0.38119406,0.47321838,0.65664953,0.56353426,0.60379744,0.4215929,0.5249277,0.39896655,0.6730704
0.85181546,0.46709114,0.46636635,0.6138077,0.42790145,0.77010703,0.55469596,0.55877364,0.42834893,0.54183084
0.6340771,0.5021655,0.35118937,0.4093856,0.29033023,0.6074985,0.55034816,0.6794617,0.42704076,0.55764383
0.71565795,0.5342068,0.7168867,0.46978855,0.20496786,0.460671,0.63119453,0.5582892,0.2873819,0.29370248
0.39926916,0.40154934,0.5198006,0.3586881,0.31491843,0.67145175,0.50863355,0.6026942,0.5122769,0.42113134
0.6019699,0.41351324,0.5201574,0.7702688,0.28247303,0.6378604,0.5443242,0.32969183,0.2586721,0.3227523
0.5575656,0.52505183,0.6633918,0.6060441,0.53279847,0.45913392,0.36218372,0.50435257,0.063862525,0.42714003
0.56301767,0.22285122,0.31794026,0.65249807,0.40443328,0.61804926,0.49171236,0.5151402,0.44421494,0.38579985
0.72910035,0.51851153,0.6040637,0.71838236,0.3877552,0.48603034,0.35848942,0.47061777,0.22807415,0.5162115
0.3073086,0.38438666,0.4515676,0.63275397,0.5317706,0.43520308,0.67505294,0.68931115,0.20491901,0.5663205
0.5485983,0.4856278,0.7740811,0.6116243,0.69850034,0.44109204,0.53678805,0.55252284,0.5072907,0.42027286
0.34334442,0.66009694,0.48039922,0.6547115,0.53231424,0.7422623,0.5636633,0.64986634,0.39294598,0.5065466
0.6262028,0.606797,0.63555163,0.6198328,0.60376924,0.6657459,0.61572874,0.53969955,0.552771,0.7115632
0.2162058,0.016443156,0.20047286,0.35795537,0.26824972,0.24001506,0.21544594,0.19158515,0.28181446,0.34572992
0.2162058,0.016443156,0.20047286,0.35795537,0.26824972,0.24001506,0.21544594,0.19158515,0.28181446,0.34572992
0.21192406,0.011490069,0.2010406,0.35622007,0.26692963,0.23568663,0.21023151,0.19074178,0.28142473,0.34335858
0.21188116,0.011471845,0.20103914,0.35620853,0.2669248,0.23564738,0.21016672,0.19074208,0.28142452,0.34334216
0.21188074,0.011471771,0.20103915,0.35620844,0.2669248,0.23564702,0.21016592,0.19074208,0.28142452,0.34334204
0.21188073,0.011471771,0.20103915,0.35620844,0.2669248,0.23564702,0.21016592,0.19074208,0.28142452,0.34334204
0.21188071,0.011471771,0.20103915,0.35620844,0.2669248,0.23564702,0.21016592,0.19074208,0.28142452,0.34334204
0.21188074,0.011471771,0.20103915,0.35620844,0.2669248,0.23564702,0.21016592,0.19074208,0.28142452,0.34334204
0.21188073,0.011471771,0.20103915,0.35620844,0.2669248,0.23564702,0.21016592,0.19074208,0.28142452,0.34334204
0.21188071,0.011471771,0.20103915,0.35620844,0.2669248,0.23564702,0.21016592,0.19074208,0.28142452,0.34334204
0.21188074,0.011471771,0.20103915,0.35620844,0.2669248,0.23564702,0.21016592,0.19074208,0.28142452,0.34334204
0.21188073,0.011471771,0.20103915,0.35620844,0.2669248,0.23564702,0.21016592,0.19074208,0.28142452,0.34334204
0.21188071,0.011471771,0.20103915,0.35620844,0.2669248,0.23564702,0.21016592,0.19074208,0.28142452,0.34334204
0.21188074,0.011471771,0.20103915,0.35620844,0.2669248,0.23564702,0.21016592,0.19074208,0.28142452,0.34334204
0.21188073,0.011471771,0.20103915,0.35620844,0.2669248,0.23564702,0.21016592,0.19074208,0.28142452,0.34334204
0.21188071,0.011471771,0.20103915,0.35620844,0.2669248,0.23564702,0.21016592,0.19074208,0.28142452,0.34334204
0.21188074,0.011471771,0.20103915,0.35620844,0.2669248,0.23564702,0.21016592,0.19074208,0.28142452,0.34334204
0.21188073,0.011471771,0.20103915,0.35620844,0.2669248,0.23564702,0.21016592,0.19074208,0.28142452,0.34334204
0.21188071,0.011471771,0.20103915,0.35620844,0.2669248,0.23564702,0.21016592,0.19074208,0.28142452,0.34334204
0.21188074,0.011471771,0.20103915,0.35620844,0.2669248,0.23564702,0.21016592,0.19074208,0.28142452,0.34334204
0.21188073,0.011471771,0.20103915,0.35620844,0.2669248,0.23564702,0.21016592,0.19074208,0.28142452,0.34334204
0.36289975,0.4210519,0.43185118,0.38751876,0.50108737,0.52599776,0.42595145,0.46324575,0.17408837,0.35131013
0.6448701,0.3180283,0.41627952,0.23478884,0.5869236,0.39642173,0.3838831,0.482358,0.6072198,0.58197093
0.5771039,0.46746737,0.40400562,0.54098576,0.45939696,0.43539217,0.52085227,0.48251137,0.53518885,0.6928387
0.34923318,0.51584035,0.48565245,0.53480506,0.51274717,0.45870513,0.49323326,0.6133714,0.3322723,0.667385
0.58636665,0.43754303,0.6626871,0.7359819,0.6338625,0.6715021,0.6221948,0.53054637,0.6944015,0.46263316
0.5404249,0.73922503,0.46111256,0.6959067,0.76658726,0.5985672,0.5000034,0.538418,0.28391224,0.5870203
0.71982807,0.70193344,0.4974853,0.54229474,0.63711905,0.5521371,0.6882978,0.57809645,0.81653166,0.7647502
0.8452671,0.8216326,0.6854012,0.59284663,0.32941988,0.47760722,0.7953951,0.8364314,0.42927992,0.47631893
0.5138201,0.6620764,0.8469356,0.457453,0.29720616,0.64165366,0.7118155,0.734988,0.49234957,0.40780774
0.69295317,0.5940864,0.72175837,0.66509724,0.035231996,0.70087945,0.55195415,0.51728094,0.5776023,0.4321028
0.55121684,0.5883331,0.6135681,0.46148118,0.4581603,0.48004684,0.4428737,0.6656077,0.3527576,0.32137975
0.30764583,0.45430475,0.19683483,0.6293825,0.37881964,0.55497944,0.5265275,0.59638083,0.5548208,0.45905107
0.73788613,0.5530743,0.40344262,0.38706416,0.59249854,0.31724554,0.50267196,0.5055458,0.2943202,0.45796624
0.37868682,0.4439579,0.588822,0.39326054,0.473556,0.44632044,0.46490315,0.56332,0.5462244,0.40866277
0.6644217,0.45266584,0.59297734,0.27578193,0.5041355,0.5676269,0.562907,0.5062322,0.4856668,0.65361315
0.6623684,0.50669694,0.59681714,0.5767246,0.38134754,0.4400834,0.5343772,0.63981867,0.3452737,0.6590684
0.42062005,0.42465892,0.5502327,0.52600193,0.45891914,0.5924099,0.58103263,0.48719272,0.31763366,0.44285387
0.5700707,0.50935173,0.47073147,0.7973066,0.50005716,0.50998306,0.42981964,0.50441194,0.4321326,0.49359253
0.51168025,0.48952678,0.56229573,0.46957293,0.65292174,0.5178723,0.55464804,0.6851385,0.54235536,0.410307
0.21503642,0.015360184,0.20050815,0.35692814,0.2684287,0.23847577,0.21464768,0.19210419,0.28178382,0.3437169
0.21503642,0.015360184,0.20050815,0.35692814,0.2684287,0.23847577,0.21464768,0.19210419,0.28178382,0.3437169
0.21191236,0.011486076,0.2010405,0.35621324,0.26693025,0.23567268,0.21022159,0.19074158,0.28142473,0.34334463
0.21188104,0.01147183,0.20103914,0.3562085,0.26692483,0.23564723,0.2101666,0.19074208,0.28142452,0.34334207
0.21188074,0.011471771,0.20103915,0.35620844,0.2669248,0.23564702,0.21016592,0.19074208,0.28142452,0.34334204
0.21188073,0.011471771,0.20103915,0.35620844,0.2669248,0.23564702,0.21016592,0.19074208,0.28142452,0.34334204
0.21188071,0.011471771,0.20103915,0.35620844,0.2669248,0.23564702,0.21016592,0.19074208,0.28142452,0.34334204
0.21188074,0.011471771,0.20103915,0.35620844,0.2669248,0.23564702,0.21016592,0.19074208,0.28142452,0.34334204
0.21188073,0.011471771,0.20103915,0.35620844,0.2669248,0.23564702,0.21016592,0.19074208,0.28142452,0.34334204
0.21188071,0.011471771,0.20103915,0.35620844,0.2669248,0.23564702,0.21016592,0.19074208,0.28142452,0.34334204
0.21188074,0.011471771,0.20103915,0.35620844,0.2669248,0.23564702,0.21016592,0.19074208,0.28142452,0.34334204
0.21188073,0.011471771,0.20103915,0.35620844,0.2669248,0.23564702,0.21016592,0.19074208,0.28142452,0.34334204
0.21188071,0.011471771,0.20103915,0.35620844,0.2669248,0.23564702,0.21016592,0.19074208,0.28142452,0.34334204
0.21188074,0.011471771,0.20103915,0.35620844,0.2669248,0.23564702,0.21016592,0.19074208,0.28142452,0.34334204
0.21188073,0.011471771,0.20103915,0.35620844,0.2669248,0.23564702,0.21016592,0.19074208,0.28142452,0.34334204
0.21188071,0.011471771,0.20103915,0.35620844,0.2669248,0.23564702,0.21016592,0.19074208,0.28142452,0.34334204
0.21188074,0.011471771,0.20103915,0.35620844,0.2669248,0.23564702,0.21016592,0.19074208,0.28142452,0.34334204
0.21188073,0.011471771,0.20103915,0.35620844,0.2669248,0.23564702,0.21016592,0.19074208,0.28142452,0.34334204
0.21188071,0.011471771,0.20103915,0.35620844,0.2669248,0.23564702,0.21016592,0.19074208,0.28142452,0.34334204
0.21188074,0.011471771,0.20103915,0.35620844,0.2669248,0.23564702,0.21016592,0.19074208,0.28142452,0.34334204
0.21188073,0.011471771,0.20103915,0.35620844,0.2669248,0.23564702,0.21016592,0.19074208,0.28142452,0.34334204
0.617476,0.52580637,0.45127943,0.45292312,0.37270558,0.562069,0.5628812,0.48195302,0.56524915,0.53191876
0.50059825,0.4406224,0.47486046,0.20138575,0.44589925,0.39682156,0.50915337,0.48754418,0.5434138,0.49791065
0.5253425,0.3220177,0.60189354,0.35399726,0.16931611,0.42623362,0.41155848,0.48033693,0.24960725,0.5618595
0.5395842,0.279739,0.353723,0.5492314,0.3403593,0.423193,0.44677165,0.38602242,0.23631942,0.30838794
0.32965168,0.29651982,0.616347,0.25074947,0.27792346,0.3712621,0.32250476,0.4155146,0.4041488,0.49639836
0.5510664,0.215618,0.3720577,0.49183056,0.23573847,0.46208233,0.36933872,0.36875436,0.22823693,0.34857652
0.59525067,0.24121463,0.43999162,0.3975851,0.37755725,0.2612481,0.28085825,0.49447802,0.13907075,0.38330787
0.27593008,0.22626303,0.3022828,0.40482792,0.32239836,0.2792783,0.3960621,0.37331694,0.19306973,0.3015559
0.067584485,0.24964686,0.5179083,0.42274487,0.2972873,0.27906397,0.3406543,0.29737028,0.22247855,0.36830446
0.6074033,0.10701213,0.53790736,0.29252326,0.41647756,0.5832632,0.32523763,0.20664348,0.2549206,0.31157637
0.5532557,0.2320129,0.50931877,0.6542622,0.7060992,0.41209748,0.10531115,0.32775417,0.16186537,0.5602995
0.37349293,0.4398348,0.20806496,0.32928163,0.640676,0.53519505,0.38400838,0.4398483,0.44129202,0.6735979
0.6192704,0.30468664,0.4703033,0.11949958,0.61159474,0.3412531,0.5842023,0.5281079,0.45812052,0.54028934
0.561552,0.41652825,0.7470883,0.4631968,0.3501645,0.420808,0.5112509,0.4649933,0.5333807,0.5178124
0.4911528,0.37780318,0.42093435,0.517768,0.45601222,0.4525003,0.44700488,0.32742503,0.43268916,0.35761377
0.54534316,0.4101992,0.47442484,0.43663102,0.7643943,0.42663476,0.37028867,0.38017097,0.3252224,0.54462206
0.3734167,0.50398076,0.37587538,0.5821773,0.5010933,0.4819789,0.46789378,0.58116084,0.6068568,0.47884023
0.71306276,0.47760093,0.6015554,0.4972249,0.59102094,0.4786501,0.5209233,0.5007912,0.44352117,0.7137305
0.56923604,0.5229599,0.63242173,0.72555816,0.530006,0.5989527,0.5643475,0.68184394,0.36501786,0.45036972
0.21562591,0.015665837,0.20047477,0.35875666,0.26797128,0.23933211,0.21477444,0.19209307,0.28147873,0.34393987
0.21562591,0.015665837,0.20047477,0.35875666,0.26797128,0.23933211,0.21477444,0.19209307,0.28147873,0.34393987
0.21191826,0.011487208,0.2010406,0.35622537,0.2669286,0.23568043,0.21022317,0.1907416,0.28142455,0.34334618
0.2118811,0.01147183,0.20103914,0.35620856,0.2669248,0.23564732,0.21016663,0.19074208,0.28142452,0.34334207
0.21188074,0.011471771,0.20103915,0.35620844,0.2669248,0.23564701,0.21016592,0.19074208,0.28142452,0.34334204
0.21188073,0.011471771,0.20103915,0.35620844,0.2669248,0.23564702,0.21016592,0.19074208,0.28142452,0.34334204
0.21188071,0.011471771,0.20103915,0.35620844,0.2669248,0.23564702,0.21016592,0.19074208,0.28142452,0.34334204
0.21188074,0.011471771,0.20103915,0.35620844,0.2669248,0.23564702,0.21016592,0.19074208,0.28142452,0.34334204
0.21188073,0.011471771,0.20103915,0.35620844,0.2669248,0.23564702,0.21016592,0.19074208,0.28142452,0.34334204
0.21188071,0.011471771,0.20103915,0.35620844,0.2669248,0.23564702,0.21016592,0.19074208,0.28142452,0.34334204
0.21188074,0.011471771,0.20103915,0.35620844,0.2669248,0.23564702,0.21016592,0.19074208,0.28142452,0.34334204
0.21188073,0.011471771,0.20103915,0.35620844,0.2669248,0.23564702,0.21016592,0.19074208,0.28142452,0.34334204
0.21188071,0.011471771,0.20103915,0.35620844,0.2669248,0.23564702,0.21016592,0.19074208,0.28142452,0.34334204
0.21188074,0.011471771,0.20103915,0.35620844,0.2669248,0.23564702,0.21016592,0.19074208,0.28142452,0.34334204
0.21188073,0.011471771,0.20103915,0.35620844,0.2669248,0.23564702,0.21016592,0.19074208,0.28142452,0.34334204
0.21188071,0.011471771,0.20103915,0.35620844,0.2669248,0.23564702,0.21016592,0.19074208,0.28142452,0.34334204
0.21188074,0.011471771,0.20103915,0.35620844,0.2669248,0.23564702,0.21016592,0.19074208,0.28142452,0.34334204
0.21188073,0.011471771,0.20103915,0.35620844,0.2669248,0.23564702,0.21016592,0.19074208,0.28142452,0.34334204
0.21188071,0.011471771,0.20103915,0.35620844,0.2669248,0.23564702,0.21016592,0.19074208,0.28142452,0.34334204
0.21188074,0.011471771,0.20103915,0.35620844,0.2669248,0.23564702,0.21016592,0.19074208,0.28142452,0.34334204
0.21188073,0.011471771,0.20103915,0.35620844,0.2669248,0.23564702,0.21016592,0.19074208,0.28142452,0.34334204
0.525102,0.43150604,0.6213852,0.50786716,0.25647584,0.40261927,0.29696065,0.45159674,0.37729424,0.4182898
0.37870196,0.35523576,0.24144258,0.7358113,0.319258,0.42054173,0.27568325,0.51449287,0.3848084,0.5693648
0.28765294,0.3668694,0.52146786,0.5943187,0.45846227,0.3785127,0.38696814,0.37117878,0.3946307,0.69228697
0.51587003,0.26361743,0.36833292,0.50741595,0.4586701,0.35674155,0.495632,0.35489497,0.31028485,0.37242395
0.36289975,0.4210519,0.43185118,0.38751876,0.50108737,0.52599776,0.42595145,0.46324575,0.17408837,0.35131013
0.6448701,0.3180283,0.41627952,0.23478884,0.5869236,0.39642173,0.3838831,0.482358,0.6072198,0.58197093
0.5771039,0.46746737,0.40400562,0.54098576,0.45939696,0.43539217,0.52085227,0.48251137,0.53518885,0.6928387
0.34923318,0.51584035,0.48565245,0.53480506,0.51274717,0.45870513,0.49323326,0.6133714,0.3322723,0.667385
0.58636665,0.43754303,0.6626871,0.7359819,0.6338625,0.6715021,0.6221948,0.53054637,0.6944015,0.46263316
0.5404249,0.73922503,0.46111256,0.6959067,0.76658726,0.5985672,0.5000034,0.538418,0.28391224,0.5870203
0.71982807,0.70193344,0.4974853,0.54229474,0.63711905,0.5521371,0.6882978,0.57809645,0.81653166,0.7647502
0.8452671,0.8216326,0.6854012,0.59284663,0.32941988,0.47760722,0.7953951,0.8364314,0.42927992,0.47631893
0.5138201,0.6620764,0.8469356,0.457453,0.29720616,0.64165366,0.7118155,0.734988,0.49234957,0.40780774
0.69295317,0.5940864,0.72175837,0.66509724,0.035231996,0.70087945,0.55195415,0.51728094,0.5776023,0.4321028
0.55121684,0.5883331,0.6135681,0.46148118,0.4581603,0.48004684,0.4428737,0.6656077,0.3527576,0.32137975
0.30764583,0.45430475,0.19683483,0.6293825,0.37881964,0.55497944,0.5265275,0.59638083,0.5548208,0.45905107
0.73788613,0.5530743,0.40344262,0.38706416,0.59249854,0.31724554,0.50267196,0.5055458,0.2943202,0.45796624
0.37868682,0.4439579,0.588822,0.39326054,0.473556,0.44632044,0.46490315,0.56332,0.5462244,0.40866277
0.6644217,0.45266584,0.59297734,0.27578193,0.5041355,0.5676269,0.562907,0.5062322,0.4856668,0.65361315
0.2165981,0.014994286,0.20049196,0.35569283,0.26786897,0.2390087,0.21475562,0.19147491,0.28162792,0.34527254
0.2165981,0.014994286,0.20049196,0.35569283,0.26786897,0.2390087,0.21475562,0.19147491,0.28162792,0.34527254
0.211928,0.011484735,0.20104054,0.35620505,0.26692823,0.23567751,0.21022293,0.1907418,0.28142464,0.34335542
0.21188119,0.01147183,0.20103914,0.35620844,0.26692483,0.23564729,0.21016662,0.19074208,0.28142452,0.34334213
0.21188074,0.011471771,0.20103915,0.35620844,0.2669248,0.23564702,0.21016592,0.19074208,0.28142452,0.34334204
0.21188073,0.011471771,0.20103915,0.35620844,0.2669248,0.23564702,0.21016592,0.19074208,0.28142452,0.34334204
0.21188071,0.011471771,0.20103915,0.35620844,0.2669248,0.23564702,0.21016592,0.19074208,0.28142452,0.34334204
0.21188074,0.011471771,0.20103915,0.35620844,0.2669248,0.23564702,0.21016592,0.19074208,0.28142452,0.34334204
0.21188073,0.011471771,0.20103915,0.35620844,0.2669248,0.23564702,0.21016592,0.19074208,0.28142452,0.34334204
0.21188071,0.011471771,0.20103915,0.35620844,0.2669248,0.23564702,0.21016592,0.19074208,0.28142452,0.34334204
0.21188074,0.011471771,0.20103915,0.35620844,0.2669248,0.23564702,0.21016592,0.19074208,0.28142452,0.34334204
0.21188073,0.011471771,0.20103915,0.35620844,0.2669248,0.23564702,0.21016592,0.19074208,0.28142452,0.34334204
0.21188071,0.011471771,0.20103915,0.35620844,0.2669248,0.23564702,0.21016592,0.19074208,0.28142452,0.34334204
0.21188074,0.011471771,0.20103915,0.35620844,0.2669248,0.23564702,0.21016592,0.19074208,0.28142452,0.34334204
0.21188073,0.011471771,0.20103915,0.35620844,0.2669248,0.23564702,0.21016592,0.19074208,0.28142452,0.34334204
0.21188071,0.011471771,0.20103915,0.35620844,0.2669248,0.23564702,0.21016592,0.19074208,0.28142452,0.34334204
0.21188074,0.011471771,0.20103915,0.35620844,0.2669248,0.23564702,0.21016592,0.19074208,0.28142452,0.34334204
0.21188073,0.011471771,0.20103915,0.35620844,0.2669248,0.23564702,0.21016592,0.19074208,0.28142452,0.34334204
0.21188071,0.011471771,0.20103915,0.35620844,0.2669248,0.23564702,0.21016592,0.19074208,0.28142452,0.34334204
0.21188074,0.011471771,0.20103915,0.35620844,0.2669248,0.23564702,0.21016592,0.19074208,0.28142452,0.34334204
0.21188073,0.011471771,0.20103915,0.35620844,0.2669248,0.23564702,0.21016592,0.19074208,0.28142452,0.34334204
0.7318273,0.6983772,0.4253322,0.4989167,0.53569525,0.6016282,0.6450595,0.76867944,0.7246451,0.5045461
0.6140789,0.72175896,0.7416002,0.74422204,0.6826019,0.6762099,0.7150635,0.84775776,0.75828636,0.46985957
0.39279237,0.82637876,0.7297812,0.589578,0.5664209,0.75971824,0.7198388,0.81740797,0.61552674,0.7350466
0.9077572,0.6793178,0.69027054,0.3949807,0.47111833,0.81621486,0.8125716,0.7334488,0.77852637,0.29037714
0.5605158,0.67977417,0.7146791,0.5993479,0.5516189,0.68947035,0.5629875,0.6999509,0.40913555,0.6486193
0.57343054,0.6652964,0.592147,0.70083725,0.53666013,0.7584653,0.72416306,0.6671031,0.8096724,0.79956234
0.7684683,0.8637171,0.5929692,0.47683844,0.50940466,0.70817745,0.7727269,0.70198685,0.48503864,0.6896064
0.84347075,0.64583296,0.7396719,0.40681735,0.5936705,0.72650313,0.7103719,0.7400471,0.76052606,0.6524237
0.64473444,0.67645115,0.6360682,0.4586173,0.43490437,0.6789106,0.6145447,0.72789586,0.40391308,0.7458777
0.6759868,0.5322209,0.65617925,0.6216782,0.5697183,0.7471585,0.6415549,0.7659241,0.6591908,0.7143382
0.8136234,0.7091754,0.6318577,0.67861193,0.6143317,0.6121913,0.6561536,0.66514933,0.3869644,0.6630588
0.78302747,0.81712526,0.6457287,0.545692,0.653503,0.74296606,0.6993943,0.6924976,0.84548414,0.49631575
0.7546577,0.75171965,0.64258546,0.60820705,0.6745688,0.8474675,0.7053962,0.67534995,0.7016228,0.7216712
0.8217008,0.7886113,0.7280536,0.8747817,0.5310011,0.8430978,0.79732823,0.83575314,0.84004873,0.64426047
0.7036481,0.8083209,0.9530961,0.69203603,0.59102625,0.72506034,0.8388373,0.82612693,0.49824277,0.66618705
0.8358019,0.6825057,0.98341525,0.8616354,0.61097693,1.0,0.7612799,0.6927729,0.68972135,0.59148455
0.78245395,0.8635145,0.7138819,0.64868885,0.7323304,0.7480986,0.77827626,0.8991501,0.5839144,0.46906906
0.6329112,0.799711,0.8246441,0.56972754,0.6271032,0.9007956,0.8145123,0.81875336,0.76698923,0.7880835
0.8072429,0.8274686,0.8648906,0.61129355,0.7496599,0.6849503,0.7785317,0.69837743,0.6085496,0.7288498
0.21809107,0.018576242,0.20046943,0.3578937,0.26887804,0.24020022,0.21764532,0.19214779,0.2819669,0.34587958
0.21809107,0.018576242,0.20046943,0.3578937,0.26887804,0.24020022,0.21764532,0.19214779,0.2819669,0.34587958
0.21194288,0.011497907,0.20104061,0.35621965,0.2669319,0.23568831,0.21025884,0.19074157,0.28142482,0.34335962
0.21188134,0.01147186,0.20103914,0.35620853,0.26692483,0.2356474,0.21016707,0.19074208,0.28142452,0.34334216
0.21188073,0.011471771,0.20103915,0.35620844,0.2669248,0.23564702,0.21016592,0.19074208,0.28142452,0.34334204
0.21188071,0.011471771,0.20103915,0.35620844,0.2669248,0.23564702,0.21016592,0.19074208,0.28142452,0.34334204
0.21188074,0.011471771,0.20103915,0.35620844,0.2669248,0.23564702,0.21016592,0.19074208,0.28142452,0.34334204
0.21188073,0.011471771,0.20103915,0.35620844,0.2669248,0.23564702,0.21016592,0.19074208,0.28142452,0.34334204
0.21188071,0.011471771,0.20103915,0.35620844,0.2669248,0.23564702,0.21016592,0.19074208,0.28142452,0.34334204
0.21188074,0.011471771,0.20103915,0.35620844,0.2669248,0.23564702,0.21016592,0.19074208,0.28142452,0.34334204
0.21188073,0.011471771,0.20103915,0.35620844,0.2669248,0.23564702,0.21016592,0.19074208,0.28142452,0.34334204
0.21188071,0.011471771,0.20103915,0.35620844,0.2669248,0.23564702,0.21016592,0.19074208,0.28142452,0.34334204
0.21188074,0.011471771,0.20103915,0.35620844,0.2669248,0.23564702,0.21016592,0.19074208,0.28142452,0.34334204
0.21188073,0.011471771,0.20103915,0.35620844,0.2669248,0.23564702,0.21016592,0.19074208,0.28142452,0.34334204
0.21188071,0.011471771,0.20103915,0.35620844,0.2669248,0.23564702,0.21016592,0.19074208,0.28142452,0.34334204
0.21188074,0.011471771,0.20103915,0.35620844,0.2669248,0.23564702,0.21016592,0.19074208,0.28142452,0.34334204
0.21188073,0.011471771,0.20103915,0.35620844,0.2669248,0.23564702,0.21016592,0.19074208,0.28142452,0.34334204
0.21188071,0.011471771,0.20103915,0.35620844,0.2669248,0.23564702,0.21016592,0.19074208,0.28142452,0.34334204
0.21188074,0.011471771,0.20103915,0.35620844,0.2669248,0.23564702,0.21016592,0.19074208,0.28142452,0.34334204
0.21188073,0.011471771,0.20103915,0.35620844,0.2669248,0.23564702,0.21016592,0.19074208,0.28142452,0.34334204
0.21188071,0.011471771,0.20103915,0.35620844,0.2669248,0.23564702,0.21016592,0.19074208,0.28142452,0.34334204
0.2911358,0.34202608,0.34134707,0.5494167,0.27811006,0.41588247,0.32829192,0.25755006,0.081659906,0.60948694
0.68618715,0.3301861,0.40898216,0.565569,0.36409074,0.3351367,0.33055392,0.3481458,0.3633801,0.45189467
0.28262797,0.3066202,0.2727251,0.54871804,0.6350209,0.5447354,0.24109794,0.47714603,0.21395755,0.35601756
0.51508176,0.48848733,0.32072952,0.625727,0.4994421,0.42367142,0.42161253,0.4854429,0.5499173,0.5383708
0.5811317,0.49621484,0.47498786,0.47586688,0.5237294,0.35874903,0.55629057,0.50189316,0.6752927,0.54990834
0.45180923,0.5458736,0.5972256,0.4902289,0.4777315,0.6096753,0.4568239,0.5421673,0.43725628,0.3831462
0.64508593,0.5915474,0.43481147,0.7208567,0.6171059,0.68109137,0.48902628,0.4584389,0.5094547,0.44250578
0.7042771,0.5894734,0.5648538,0.4987641,0.6346399,0.59559864,0.6771549,0.57667375,0.6194872,0.812729
0.79063874,0.6582403,0.7821509,0.21930888,0.68800604,0.63443696,0.78930295,0.5807418,0.593244,0.5715985
0.7585823,0.6101874,0.8118222,0.70582974,0.5835987,0.7862442,0.6563649,0.71936095,0.6922127,0.5966114
0.74929893,0.6426245,0.59056526,0.68098825,0.6238502,0.91537553,0.5876712,0.777261,0.6110132,0.7789542
0.6868761,0.71839005,0.6712189,0.6509103,0.52813685,0.7058067,0.69845855,0.80444795,0.6686214,0.7858075
0.640614,0.7945118,0.9211677,0.57400805,0.7471058,0.79322326,0.89501,0.67990184,0.67577064,0.6854798
0.66926247,0.7552529,0.7936087,0.72612464,0.6938786,0.97336024,0.8809785,0.70750064,0.68259245,0.57247037
0.6408315,0.7594924,0.93567795,0.9030254,0.70283335,0.7076337,0.78615016,0.80242366,0.6822866,0.724187
0.72961634,0.7574428,0.79137594,0.38579455,0.7981166,0.9880312,0.77608144,0.72148484,0.72008574,0.8872349
0.91715056,0.87041116,0.864668,0.82315445,0.7040768,0.9640574,0.85325474,0.905847,0.8455347,1.0
0.823811,0.9144367,0.68267107,0.27111986,0.75699294,0.6899714,0.85492533,0.88078976,0.73109674,0.80484635
0.7336412,0.7933034,0.67050225,0.43657133,0.37044948,0.7759556,0.9514621,0.88251776,1.0,0.62101185
0.21732122,0.018226273,0.2004515,0.35672358,0.2673296,0.24113107,0.22011796,0.19287688,0.2835614,0.3450316
0.21732122,0.018226273,0.2004515,0.35672358,0.2673296,0.24113107,0.22011796,0.19287688,0.2835614,0.3450316
0.21193522,0.011496626,0.20104066,0.35621187,0.2669263,0.23569675,0.21028957,0.19074158,0.2814257,0.34335375
0.21188128,0.011471875,0.20103914,0.35620847,0.2669248,0.23564747,0.21016744,0.19074208,0.28142452,0.34334213
0.21188074,0.011471771,0.20103915,0.35620844,0.2669248,0.23564702,0.21016592,0.19074208,0.28142452,0.34334204
0.21188073,0.011471771,0.20103915,0.35620844,0.2669248,0.23564702,0.21016592,0.19074208,0.28142452,0.34334204
0.21188071,0.011471771,0.20103915,0.35620844,0.2669248,0.23564702,0.21016592,0.19074208,0.28142452,0.34334204
0.21188074,0.011471771,0.20103915,0.35620844,0.2669248,0.23564702,0.21016592,0.19074208,0.28142452,0.34334204
0.21188073,0.011471771,0.20103915,0.35620844,0.2669248,0.23564702,0.21016592,0.19074208,0.28142452,0.34334204
0.21188071,0.011471771,0.20103915,0.35620844,0.2669248,0.23564702,0.21016592,0.19074208,0.28142452,0.34334204
0.21188074,0.011471771,0.20103915,0.35620844,0.2669248,0.23564702,0.21016592,0.19074208,0.28142452,0.34334204
0.21188073,0.011471771,0.20103915,0.35620844,0.2669248,0.23564702,0.21016592,0.19074208,0.28142452,0.34334204
0.21188071,0.011471771,0.20103915,0.35620844,0.2669248,0.23564702,0.21016592,0.19074208,0.28142452,0.34334204
0.21188074,0.011471771,0.20103915,0.35620844,0.2669248,0.23564702,0.21016592,0.19074208,0.28142452,0.34334204
0.21188073,0.011471771,0.20103915,0.35620844,0.2669248,0.23564702,0.21016592,0.19074208,0.28142452,0.34334204
0.21188071,0.011471771,0.20103915,0.35620844,0.2669248,0.23564702,0.21016592,0.19074208,0.28142452,0.34334204
0.21188074,0.011471771,0.20103915,0.35620844,0.2669248,0.23564702,0.21016592,0.19074208,0.28142452,0.34334204
0.21188073,0.011471771,0.20103915,0.35620844,0.2669248,0.23564702,0.21016592,0.19074208,0.28142452,0.34334204
0.21188071,0.011471771,0.20103915,0.35620844,0.2669248,0.23564702,0.21016592,0.19074208,0.28142452,0.34334204
0.21188074,0.011471771,0.20103915,0.35620844,0.2669248,0.23564702,0.21016592,0.19074208,0.28142452,0.34334204
0.21188073,0.011471771,0.20103915,0.35620844,0.2669248,0.23564702,0.21016592,0.19074208,0.28142452,0.34334204
0.95223206,0.51035964,0.45132738,0.4547412,0.60835683,0.46865577,0.5110414,0.5453828,0.5150021,0.5941021
0.45315704,0.4856484,0.6231624,0.45101425,0.6284504,0.6072228,0.57508403,0.6296112,0.54064304,0.4733029
0.6760062,0.5421205,0.56212294,0.2986845,0.41289648,0.85789186,0.5463069,0.43724802,0.74783564,0.5154277
0.73997515,0.5835944,0.6405363,0.49114898,0.32595608,0.7025383,0.5245656,0.53417426,0.4468497,0.68755656
0.4780633,0.6245516,0.52056885,0.3554857,0.4571946,0.6080323,0.65772134,0.64542377,0.4365377,0.48782134
0.6300362,0.58372283,0.74318975,0.2739948,0.2825563,0.5885769,0.65077233,0.56161493,0.52095926,0.5169587
0.6526452,0.5540359,0.6514243,0.79705656,0.30070826,0.6548201,0.5314059,0.4116713,0.63959324,0.53735024
0.8014347,0.5713371,0.71060497,0.46093798,0.31277153,0.5817446,0.5636612,0.6293431,0.61524063,0.4428173
0.6864328,0.5642263,0.73867977,0.7862465,0.29340264,0.56410784,0.60422474,0.47273877,0.32299587,0.5001859
0.7688078,0.58775806,0.5020614,0.46105194,0.36710644,0.34782073,0.45181546,0.6601605,0.38436565,0.45577186
0.59825265,0.5472242,0.63294125,0.26451543,0.46113354,0.5210715,0.5768698,0.592994,0.34220663,0.49778944
0.53045213,0.43253946,0.46466413,0.33616453,0.43562692,0.4860899,0.4624943,0.41799414,0.6225435,0.47611937
0.5646224,0.50715256,0.54805607,0.69287086,0.38768044,0.4617165,0.3856368,0.39309177,0.34259585,0.50452113
0.29701754,0.4749193,0.6211218,0.32912517,0.5295231,0.37423584,0.4596565,0.4451943,0.57985663,0.20095977
0.061742656,0.4849003,0.44169152,0.5902133,0.4073711,0.5448728,0.39490795,0.56218743,0.42429963,0.54776466
0.6943177,0.4404896,0.30846775,0.61055946,0.5058206,0.3241645,0.5390883,0.4476643,0.27118146,0.44609275
0.26537198,0.4049326,0.67121315,0.2626672,0.38873407,0.34196606,0.50342727,0.6562301,0.39693066,0.5956234
0.35477793,0.25884587,0.3868153,0.3781208,0.5461589,0.6234122,0.51131177,0.39457592,0.32271254,0.30937535
0.49968848,0.2959274,0.46782544,0.5659888,0.47011125,0.34015954,0.38679662,0.3589416,0.43611258,0.4760293
0.21490985,0.013433538,0.20056826,0.35757244,0.26773325,0.2365902,0.21241888,0.19095364,0.28156665,0.34408873
0.21490985,0.013433538,0.20056826,0.35757244,0.26773325,0.2365902,0.21241888,0.19095364,0.28156665,0.34408873
0.21191108,0.011478983,0.20104036,0.3562175,0.26692775,0.23565558,0.2101939,0.190742,0.2814246,0.3433472
0.21188104,0.0114718005,0.20103915,0.3562085,0.26692483,0.23564708,0.21016625,0.19074208,0.28142452,0.34334207
0.21188074,0.011471771,0.20103915,0.35620844,0.2669248,0.23564702,0.21016592,0.19074208,0.28142452,0.34334204
0.21188073,0.011471771,0.20103915,0.35620844,0.2669248,0.23564702,0.21016592,0.19074208,0.28142452,0.34334204
0.21188071,0.011471771,0.20103915,0.35620844,0.2669248,0.23564702,0.21016592,0.19074208,0.28142452,0.34334204
0.21188074,0.011471771,0.20103915,0.35620844,0.2669248,0.23564702,0.21016592,0.19074208,0.28142452,0.34334204
0.21188073,0.011471771,0.20103915,0.35620844,0.2669248,0.23564702,0.21016592,0.19074208,0.28142452,0.34334204
0.21188071,0.011471771,0.20103915,0.35620844,0.2669248,0.23564702,0.21016592,0.19074208,0.28142452,0.34334204
0.21188074,0.011471771,0.20103915,0.35620844,0.2669248,0.23564702,0.21016592,0.19074208,0.28142452,0.34334204
0.21188073,0.011471771,0.20103915,0.35620844,0.2669248,0.23564702,0.21016592,0.19074208,0.28142452,0.34334204
0.21188071,0.011471771,0.20103915,0.35620844,0.2669248,0.23564702,0.21016592,0.19074208,0.28142452,0.34334204
0.21188074,0.011471771,0.20103915,0.35620844,0.2669248,0.23564702,0.21016592,0.19074208,0.28142452,0.34334204
0.21188073,0.011471771,0.20103915,0.35620844,0.2669248,0.23564702,0.21016592,0.19074208,0.28142452,0.34334204
0.21188071,0.011471771,0.20103915,0.35620844,0.2669248,0.23564702,0.21016592,0.19074208,0.28142452,0.34334204
0.21188074,0.011471771,0.20103915,0.35620844,0.2669248,0.23564702,0.21016592,0.19074208,0.28142452,0.34334204
0.21188073,0.011471771,0.20103915,0.35620844,0.2669248,0.23564702,0.21016592,0.19074208,0.28142452,0.34334204
0.21188071,0.011471771,0.20103915,0.35620844,0.2669248,0.23564702,0.21016592,0.19074208,0.28142452,0.34334204
0.21188074,0.011471771,0.20103915,0.35620844,0.2669248,0.23564702,0.21016592,0.19074208,0.28142452,0.34334204
0.21188073,0.011471771,0.20103915,0.35620844,0.2669248,0.23564702,0.21016592,0.19074208,0.28142452,0.34334204
0.69536054,0.48270416,0.5246503,0.48856553,0.44079104,0.4424806,0.5130047,0.49015927,0.41474876,0.42051926
0.54703826,0.40538928,0.41215876,0.56253546,0.52152884,0.6410012,0.40214732,0.6003028,0.4610511,0.39294255
0.21501301,0.53257257,0.42690623,0.5851425,0.6408074,0.51121294,0.45831606,0.4794133,0.5452429,0.6042558
0.47279516,0.5709582,0.38476536,0.4689481,0.55273396,0.5844892,0.55492693,0.6697057,0.54134583,0.5783308
0.5792069,0.4857979,0.5709839,0.65831333,0.33177528,0.5167958,0.5851595,0.6360043,0.5572851,0.6323276
0.59959066,0.47613597,0.44380224,0.60447186,0.37476814,0.54189694,0.65336466,0.4815706,0.44771767,0.4211252
0.6262862,0.65687805,0.74703115,0.4468185,0.6500815,0.37851816,0.40153375,0.616859,0.45506674,0.61605173
0.53381956,0.5684673,0.4396068,0.5184524,0.4936022,0.6868308,0.7752012,0.6195067,0.883549,0.5258064
0.6716533,0.70232415,0.7287442,0.62027794,0.40623865,0.5681496,0.5625361,0.60774606,0.5237178,0.72537917
0.880401,0.6511204,0.63163656,0.6152244,0.51277083,0.77320796,0.6257045,0.6499766,0.52248365,0.5321002
0.7318273,0.6983772,0.4253322,0.4989167,0.53569525,0.6016282,0.6450595,0.76867944,0.7246451,0.5045461
0.6140789,0.72175896,0.7416002,0.74422204,0.6826019,0.6762099,0.7150635,0.84775776,0.75828636,0.46985957
0.39279237,0.82637876,0.7297812,0.589578,0.5664209,0.75971824,0.7198388,0.81740797,0.61552674,0.7350466
0.9077572,0.6793178,0.69027054,0.3949807,0.47111833,0.81621486,0.8125716,0.7334488,0.77852637,0.29037714
0.5605158,0.67977417,0.7146791,0.5993479,0.5516189,0.68947035,0.5629875,0.6999509,0.40913555,0.6486193
0.57343054,0.6652964,0.592147,0.70083725,0.53666013,0.7584653,0.72416306,0.6671031,0.8096724,0.79956234
0.7684683,0.8637171,0.5929692,0.47683844,0.50940466,0.70817745,0.7727269,0.70198685,0.48503864,0.6896064
0.84347075,0.64583296,0.7396719,0.40681735,0.5936705,0.72650313,0.7103719,0.7400471,0.76052606,0.6524237
0.64473444,0.67645115,0.6360682,0.4586173,0.43490437,0.6789106,0.6145447,0.72789586,0.40391308,0.7458777
0.2163944,0.017100029,0.20047256,0.3568603,0.26759222,0.24014199,0.21543047,0.19223867,0.28152683,0.34602955
0.2163944,0.017100029,0.20047256,0.3568603,0.26759222,0.24014199,0.21543047,0.19223867,0.28152683,0.34602955
0.21192595,0.011492483,0.2010406,0.3562128,0.26692724,0.23568779,0.21023132,0.19074154,0.28142458,0.34336066
0.21188119,0.011471845,0.20103914,0.35620847,0.26692483,0.23564738,0.21016672,0.19074208,0.28142452,0.34334216
0.21188074,0.011471771,0.20103915,0.35620844,0.2669248,0.23564702,0.21016592,0.19074208,0.28142452,0.34334204
0.21188073,0.011471771,0.20103915,0.35620844,0.2669248,0.23564702,0.21016592,0.19074208,0.28142452,0.34334204
0.21188071,0.011471771,0.20103915,0.35620844,0.2669248,0.23564702,0.21016592,0.19074208,0.28142452,0.34334204
0.21188074,0.011471771,0.20103915,0.35620844,0.2669248,0.23564702,0.21016592,0.19074208,0.28142452,0.34334204
0.21188073,0.011471771,0.20103915,0.35620844,0.2669248,0.23564702,0.21016592,0.19074208,0.28142452,0.34334204
0.21188071,0.011471771,0.20103915,0.35620844,0.2669248,0.23564702,0.21016592,0.19074208,0.28142452,0.34334204
0.21188074,0.011471771,0.20103915,0.35620844,0.2669248,0.23564702,0.21016592,0.19074208,0.28142452,0.34334204
0.21188073,0.011471771,0.20103915,0.35620844,0.2669248,0.23564702,0.21016592,0.19074208,0.28142452,0.34334204
0.21188071,0.011471771,0.20103915,0.35620844,0.2669248,0.23564702,0.21016592,0.19074208,0.28142452,0.34334204
0.21188074,0.011471771,0.20103915,0.35620844,0.2669248,0.23564702,0.21016592,0.19074208,0.28142452,0.34334204
0.21188073,0.011471771,0.20103915,0.35620844,0.2669248,0.23564702,0.21016592,0.19074208,0.28142452,0.34334204
0.21188071,0.011471771,0.20103915,0.35620844,0.2669248,0.23564702,0.21016592,0.19074208,0.28142452,0.34334204
0.21188074,0.011471771,0.20103915,0.35620844,0.2669248,0.23564702,0.21016592,0.19074208,0.28142452,0.34334204
0.21188073,0.011471771,0.20103915,0.35620844,0.2669248,0.23564702,0.21016592,0.19074208,0.28142452,0.34334204
0.21188071,0.011471771,0.20103915,0.35620844,0.2669248,0.23564702,0.21016592,0.19074208,0.28142452,0.34334204
0.21188074,0.011471771,0.20103915,0.35620844,0.2669248,0.23564702,0.21016592,0.19074208,0.28142452,0.34334204
0.21188073,0.011471771,0.20103915,0.35620844,0.2669248,0.23564702,0.21016592,0.19074208,0.28142452,0.34334204
0.7563942,0.7969885,0.80703,0.48132774,0.31446344,0.60351086,0.7978468,0.92311895,0.6097696,0.5513371
0.71949506,0.6631733,0.93971896,0.32066724,0.40133172,0.8077719,0.726687,0.8323121,0.42514518,0.642659
0.76638395,0.646901,0.6214663,0.71608526,0.3400442,0.76839256,0.6402687,0.5004185,0.40535706,0.56663454
0.8506949,0.49423024,0.7318529,0.504723,0.5463608,0.33314776,0.49549097,0.72389305,0.41395876,0.38760015
0.47935846,0.48481688,0.38710177,0.329288,0.35744178,0.7679085,0.5980342,0.6708184,0.43109244,0.21503614
0.44044533,0.4693362,0.5809784,0.51199627,0.37729067,0.27440858,0.38178357,0.50798357,0.3342705,0.5042189
0.19476515,0.24717376,0.39884293,0.31643823,0.34171513,0.5160877,0.4304208,0.49418312,0.60237336,0.43881735
0.4666208,0.4161604,0.41040874,0.53845537,0.35689002,0.44733146,0.41280222,0.18583909,0.2681684,0.59133476
0.5788635,0.34039134,0.30786574,0.61717904,0.48576754,0.2596168,0.2868909,0.46719828,0.38415146,0.5535341
0.49289107,0.395011,0.5771081,0.3607299,0.5337381,0.5779436,0.48603842,0.48769313,0.424673,0.43201727
0.8372528,0.37664345,0.49417007,0.32606512,0.55098385,0.63371617,0.4088167,0.4360161,0.5202141,0.48168483
0.6281691,0.52667385,0.41561204,0.4052606,0.27041128,0.57518405,0.55582947,0.5752023,0.5017431,0.7690864
0.76983315,0.46073306,0.7863455,0.3617044,0.07500359,0.46242693,0.5623502,0.45687613,0.42808473,0.5869745
0.6835734,0.38608757,0.7857563,0.46835053,0.10254699,0.36620387,0.4764171,0.3679856,0.20492621,0.26910773
0.40693194,0.30803978,0.41497886,0.22198278,0.05447972,0.5073378,0.2297953,0.40219417,0.42747986,0.1605197
0.4329389,0.3581963,0.4951855,0.419533,0.123865396,0.25831318,0.23325154,0.27240333,0.18024854,0.49966258
0.59329355,0.20537409,0.31942967,0.2554939,0.39447093,0.10773863,0.36707515,0.41462296,0.389726,0.4848922
0.11427355,0.23839535,0.48479953,0.4204897,0.2891332,0.43558934,0.3256682,0.3877128,0.278963,0.2646445
0.5788461,0.35064685,0.2925314,0.3511279,0.47448573,0.45536256,0.24096882,0.32648993,0.42879674,0.5488962
0.21572387,0.0139744505,0.2007758,0.3561747,0.2677507,0.23779404,0.2105484,0.19084522,0.2815576,0.34453267
0.21572387,0.0139744505,0.2007758,0.3561747,0.2677507,0.23779404,0.2105484,0.19084522,0.2815576,0.34453267
0.21191925,0.01148098,0.20103982,0.35620824,0.2669278,0.23566648,0.21017066,0.19074203,0.2814246,0.3433503
0.21188112,0.011471815,0.20103914,0.35620844,0.26692483,0.23564719,0.21016596,0.19074208,0.28142452,0.3433421
0.21188073,0.011471771,0.20103915,0.35620844,0.2669248,0.23564702,0.21016592,0.19074208,0.28142452,0.34334204
0.21188071,0.011471771,0.20103915,0.35620844,0.2669248,0.23564702,0.21016592,0.19074208,0.28142452,0.34334204
0.21188074,0.011471771,0.20103915,0.35620844,0.2669248,0.23564702,0.21016592,0.19074208,0.28142452,0.34334204
0.21188073,0.011471771,0.20103915,0.35620844,0.2669248,0.23564702,0.21016592,0.19074208,0.28142452,0.34334204
0.21188071,0.011471771,0.20103915,0.35620844,0.2669248,0.23564702,0.21016592,0.19074208,0.28142452,0.34334204
0.21188074,0.011471771,0.20103915,0.35620844,0.2669248,0.23564702,0.21016592,0.19074208,0.28142452,0.34334204
0.21188073,0.011471771,0.20103915,0.35620844,0.2669248,0.23564702,0.21016592,0.19074208,0.28142452,0.34334204
0.21188071,0.011471771,0.20103915,0.35620844,0.2669248,0.23564702,0.21016592,0.19074208,0.28142452,0.34334204
0.21188074,0.011471771,0.20103915,0.35620844,0.2669248,0.23564702,0.21016592,0.19074208,0.28142452,0.34334204
0.21188073,0.011471771,0.20103915,0.35620844,0.2669248,0.23564702,0.21016592,0.19074208,0.28142452,0.34334204
0.21188071,0.011471771,0.20103915,0.35620844,0.2669248,0.23564702,0.21016592,0.19074208,0.28142452,0.34334204
0.21188074,0.011471771,0.20103915,0.35620844,0.2669248,0.23564702,0.21016592,0.19074208,0.28142452,0.34334204
0.21188073,0.011471771,0.20103915,0.35620844,0.2669248,0.23564702,0.21016592,0.19074208,0.28142452,0.34334204
0.21188071,0.011471771,0.20103915,0.35620844,0.2669248,0.23564702,0.21016592,0.19074208,0.28142452,0.34334204
0.21188074,0.011471771,0.20103915,0.35620844,0.2669248,0.23564702,0.21016592,0.19074208,0.28142452,0.34334204
0.21188073,0.011471771,0.20103915,0.35620844,0.2669248,0.23564702,0.21016592,0.19074208,0.28142452,0.34334204
0.21188071,0.011471771,0.20103915,0.35620844,0.2669248,0.23564702,0.21016592,0.19074208,0.28142452,0.34334204
0.48509318,0.34705624,0.36366218,0.60378313,0.36332634,0.34042332,0.48106438,0.23997511,0.41361275,0.5832066
0.6023962,0.3574211,0.5202587,0.34335867,0.5613618,0.47419083,0.33087316,0.3648326,0.51371944,0.43084422
0.50337327,0.46613368,0.25346312,0.5224722,0.44737044,0.6109771,0.49570948,0.4688237,0.4442751,0.75784844
0.64389104,0.5415398,0.3850101,0.49100372,0.2393776,0.4073338,0.45419678,0.46131548,0.38111663,0.29963034
0.38578498,0.45811793,0.3811759,0.55837613,0.2190173,0.32033885,0.4240025,0.53868175,0.23954132,0.53080326
0.47458258,0.35621268,0.5567464,0.55190444,0.48287332,0.49801984,0.5347148,0.34369466,0.30697146,0.30771792
0.62031394,0.35438985,0.49500024,0.18681034,0.6091117,0.39079085,0.4109726,0.5653505,0.36195838,0.65202385
0.2172916,0.35870293,0.40451884,0.6164998,0.30813646,0.68967134,0.44243124,0.3347757,0.5674184,0.466509
0.6435932,0.5310656,0.5473135,0.54839903,0.57941,0.48451853,0.4283192,0.39749098,0.49328417,0.56647414
0.59457374,0.55225337,0.4667083,0.45179588,0.545641,0.61397254,0.50643015,0.6043139,0.69195825,0.5758474
0.46452615,0.6744193,0.50651497,0.45847586,0.43746153,0.5260971,0.71153665,0.5408769,0.60326993,0.53337663
0.42052773,0.67962945,0.74827147,0.51658297,0.548399,0.4881828,0.57262677,0.5343669,0.44959995,0.7340496
0.8384365,0.6669005,0.6836645,0.51598483,0.7404712,0.46800235,0.68989795,0.65528834,0.6006061,0.45912763
0.39799327,0.6780432,0.5293045,0.3141865,0.5950329,0.9824767,0.72768784,0.755166,0.59198314,0.6158612
0.8813858,0.73788863,0.8849916,0.74147385,0.58541733,0.76731837,0.75403523,0.67415345,0.50720155,0.62671673
0.7110438,0.73985887,0.6771119,0.6610734,0.5508394,0.71326965,0.62954694,0.7705895,0.4762547,0.62331706
0.72732186,0.6671115,0.6123087,0.45409933,0.71382517,0.72163975,0.66642165,0.560648,0.54973,0.55902225
0.6695476,0.7327401,0.63721716,0.41841504,0.6530634,0.716652,0.66970634,0.70651513,0.76729107,0.6453699
0.79643583,0.5884502,0.7456762,0.5797857,0.6193101,0.6283415,0.68324,0.7883655,0.67894113,0.7125716
0.21797797,0.01627516,0.20042747,0.35766885,0.2683062,0.23963463,0.2163339,0.19248527,0.2821637,0.34573865
0.21797797,0.01627516,0.20042747,0.35766885,0.2683062,0.23963463,0.2163339,0.19248527,0.2821637,0.34573865
0.21194178,0.0114894435,0.20104071,0.35621816,0.26692984,0.23568317,0.21024254,0.19074157,0.28142494,0.34335864
0.21188134,0.01147183,0.20103914,0.3562085,0.2669248,0.23564735,0.21016687,0.19074208,0.28142452,0.34334216
0.21188073,0.011471771,0.20103915,0.35620844,0.2669248,0.23564702,0.21016592,0.19074208,0.28142452,0.34334204
0.21188071,0.011471771,0.20103915,0.35620844,0.2669248,0.23564702,0.21016592,0.19074208,0.28142452,0.34334204
0.21188074,0.011471771,0.20103915,0.35620844,0.2669248,0.23564702,0.21016592,0.19074208,0.28142452,0.34334204
0.21188073,0.011471771,0.20103915,0.35620844,0.2669248,0.23564702,0.21016592,0.19074208,0.28142452,0.34334204
0.21188071,0.011471771,0.20103915,0.35620844,0.2669248,0.23564702,0.21016592,0.19074208,0.28142452,0.34334204
0.21188074,0.011471771,0.20103915,0.35620844,0.2669248,0.23564702,0.21016592,0.19074208,0.28142452,0.34334204
0.21188073,0.011471771,0.20103915,0.35620844,0.2669248,0.23564702,0.21016592,0.19074208,0.28142452,0.34334204
0.21188071,0.011471771,0.20103915,0.35620844,0.2669248,0.23564702,0.21016592,0.19074208,0.28142452,0.34334204
0.21188074,0.011471771,0.20103915,0.35620844,0.2669248,0.23564702,0.21016592,0.19074208,0.28142452,0.34334204
0.21188073,0.011471771,0.20103915,0.35620844,0.2669248,0.23564702,0.21016592,0.19074208,0.28142452,0.34334204
0.21188071,0.011471771,0.20103915,0.35620844,0.2669248,0.23564702,0.21016592,0.19074208,0.28142452,0.34334204
0.21188074,0.011471771,0.20103915,0.35620844,0.2669248,0.23564702,0.21016592,0.19074208,0.28142452,0.34334204
0.21188073,0.011471771,0.20103915,0.35620844,0.2669248,0.23564702,0.21016592,0.19074208,0.28142452,0.34334204
0.21188071,0.011471771,0.20103915,0.35620844,0.2669248,0.23564702,0.21016592,0.19074208,0.28142452,0.34334204
0.21188074,0.011471771,0.20103915,0.35620844,0.2669248,0.23564702,0.21016592,0.19074208,0.28142452,0.34334204
0.21188073,0.011471771,0.20103915,0.35620844,0.2669248,0.23564702,0.21016592,0.19074208,0.28142452,0.34334204
0.21188071,0.011471771,0.20103915,0.35620844,0.2669248,0.23564702,0.21016592,0.19074208,0.28142452,0.34334204
0.37895727,0.53287685,0.39199385,0.3892926,0.5962019,0.49921694,0.65401644,0.40523523,0.4852631,0.42478645
0.6663442,0.46773317,0.69211334,0.48375496,0.35046774,0.6490831,0.4451987,0.65183115,0.7350589,0.5264834
0.52816147,0.5310578,0.56543934,0.42904568,0.34373197,0.62243426,0.51711917,0.415469,0.3473946,0.51010495
0.69536054,0.48270416,0.5246503,0.48856553,0.44079104,0.4424806,0.5130047,0.49015927,0.41474876,0.42051926
0.54703826,0.40538928,0.41215876,0.56253546,0.52152884,0.6410012,0.40214732,0.6003028,0.4610511,0.39294255
0.21501301,0.53257257,0.42690623,0.5851425,0.6408074,0.51121294,0.45831606,0.4794133,0.5452429,0.6042558
0.47279516,0.5709582,0.38476536,0.4689481,0.55273396,0.5844892,0.55492693,0.6697057,0.54134583,0.5783308
0.5792069,0.4857979,0.5709839,0.65831333,0.33177528,0.5167958,0.5851595,0.6360043,0.5572851,0.6323276
0.59959066,0.47613597,0.44380224,0.60447186,0.37476814,0.54189694,0.65336466,0.4815706,0.44771767,0.4211252
0.6262862,0.65687805,0.74703115,0.4468185,0.6500815,0.37851816,0.40153375,0.616859,0.45506674,0.61605173
0.53381956,0.5684673,0.4396068,0.5184524,0.4936022,0.6868308,0.7752012,0.6195067,0.883549,0.5258064
0.6716533,0.70232415,0.7287442,0.62027794,0.40623865,0.5681496,0.5625361,0.60774606,0.5237178,0.72537917
0.880401,0.6511204,0.63163656,0.6152244,0.51277083,0.77320796,0.6257045,0.6499766,0.52248365,0.5321002
0.7318273,0.6983772,0.4253322,0.4989167,0.53569525,0.6016282,0.6450595,0.76867944,0.7246451,0.5045461
0.6140789,0.72175896,0.7416002,0.74422204,0.6826019,0.6762099,0.7150635,0.84775776,0.75828636,0.46985957
0.39279237,0.82637876,0.7297812,0.589578,0.5664209,0.75971824,0.7198388,0.81740797,0.61552674,0.7350466
0.9077572,0.6793178,0.69027054,0.3949807,0.47111833,0.81621486,0.8125716,0.7334488,0.77852637,0.29037714
0.5605158,0.67977417,0.7146791,0.5993479,0.5516189,0.68947035,0.5629875,0.6999509,0.40913555,0.6486193
0.57343054,0.6652964,0.592147,0.70083725,0.53666013,0.7584653,0.72416306,0.6671031,0.8096724,0.79956234
0.21566877,0.016992085,0.2004923,0.35856438,0.26799658,0.24094053,0.21687523,0.1920436,0.28259704,0.34651336
0.21566877,0.016992085,0.2004923,0.35856438,0.26799658,0.24094053,0.21687523,0.1920436,0.28259704,0.34651336
0.21191868,0.011492096,0.20104057,0.3562241,0.2669287,0.23569502,0.21024927,0.1907416,0.28142518,0.343364
0.2118811,0.01147186,0.20103914,0.35620856,0.2669248,0.23564744,0.21016696,0.19074208,0.28142452,0.34334219
0.21188074,0.011471771,0.20103915,0.35620844,0.2669248,0.23564702,0.21016592,0.19074208,0.28142452,0.34334204
0.21188073,0.011471771,0.20103915,0.35620844,0.2669248,0.23564702,0.21016592,0.19074208,0.28142452,0.34334204
0.21188071,0.011471771,0.20103915,0.35620844,0.2669248,0.23564702,0.21016592,0.19074208,0.28142452,0.34334204
0.21188074,0.011471771,0.20103915,0.35620844,0.2669248,0.23564702,0.21016592,0.19074208,0.28142452,0.34334204
0.21188073,0.011471771,0.20103915,0.35620844,0.2669248,0.23564702,0.21016592,0.19074208,0.28142452,0.34334204
0.21188071,0.011471771,0.20103915,0.35620844,0.2669248,0.23564702,0.21016592,0.19074208,0.28142452,0.34334204
0.21188074,0.011471771,0.20103915,0.35620844,0.2669248,0.23564702,0.21016592,0.19074208,0.28142452,0.34334204
0.21188073,0.011471771,0.20103915,0.35620844,0.2669248,0.23564702,0.21016592,0.19074208,0.28142452,0.34334204
0.21188071,0.011471771,0.20103915,0.35620844,0.2669248,0.23564702,0.21016592,0.19074208,0.28142452,0.34334204
0.21188074,0.011471771,0.20103915,0.35620844,0.2669248,0.23564702,0.21016592,0.19074208,0.28142452,0.34334204
0.21188073,0.011471771,0.20103915,0.35620844,0.2669248,0.23564702,0.21016592,0.19074208,0.28142452,0.34334204
0.21188071,0.011471771,0.20103915,0.35620844,0.2669248,0.23564702,0.21016592,0.19074208,0.28142452,0.34334204
0.21188074,0.011471771,0.20103915,0.35620844,0.2669248,0.23564702,0.21016592,0.19074208,0.28142452,0.34334204
0.21188073,0.011471771,0.20103915,0.35620844,0.2669248,0.23564702,0.21016592,0.19074208,0.28142452,0.34334204
0.21188071,0.011471771,0.20103915,0.35620844,0.2669248,0.23564702,0.21016592,0.19074208,0.28142452,0.34334204
0.21188074,0.011471771,0.20103915,0.35620844,0.2669248,0.23564702,0.21016592,0.19074208,0.28142452,0.34334204
0.21188073,0.011471771,0.20103915,0.35620844,0.2669248,0.23564702,0.21016592,0.19074208,0.28142452,0.34334204
0.51132107,0.7553274,0.4939266,0.36598215,0.3016394,0.5055863,0.61367154,0.7080091,0.7466105,0.7544695
0.4594821,0.5435658,0.6989512,0.50312287,0.3905206,0.37906188,0.6967219,0.3570648,0.6122003,0.43462408
0.33021045,0.49430344,0.8262619,0.54225904,0.46107963,0.5233901,0.36664462,0.5287049,0.45584577,0.6391474
0.55247074,0.48676816,0.5179388,0.24257152,0.7030843,0.6616395,0.5976691,0.4726225,0.30020806,0.4455201
0.5427665,0.52391887,0.703798,0.50888824,0.32135388,0.61487544,0.5416072,0.3842958,0.5545418,0.73556733
0.7935547,0.5640222,0.5764015,0.45036143,0.49505493,0.52203774,0.50295293,0.45694908,0.5416225,0.5572421
0.674054,0.5529651,0.74374515,0.31460702,0.3060743,0.31520697,0.647513,0.71412545,0.546662,0.46322587
0.43058798,0.38498202,0.70752627,0.31773743,0.46617815,0.733811,0.5999827,0.45192522,0.4086191,0.30070344
0.76052445,0.44323754,0.68260515,0.70878774,0.23830149,0.569157,0.40884322,0.40359455,0.27307326,0.66554
0.6496962,0.39439017,0.1853797,0.7057239,0.6114445,0.38591078,0.5737735,0.5886473,0.43113047,0.4096218
0.31155393,0.47195655,0.6895668,0.257584,0.43019113,0.4080825,0.506989,0.7258839,0.5313871,0.6129827
0.33695677,0.3831276,0.56242,0.30401906,0.44765916,0.6479455,0.6180419,0.41543984,0.5099843,0.4554798
0.49596816,0.4539921,0.9144056,0.5505151,0.47734025,0.45570853,0.41788313,0.31394255,0.39722753,0.67893606
0.6791771,0.3221548,0.35769996,0.34191948,0.42662913,0.61737293,0.49781576,0.45918718,0.5158805,0.5916761
0.5690177,0.58396465,0.49680746,0.7374467,0.44442225,0.41860896,0.41979337,0.4812449,0.3585077,0.63442075
0.37895727,0.53287685,0.39199385,0.3892926,0.5962019,0.49921694,0.65401644,0.40523523,0.4852631,0.42478645
0.6663442,0.46773317,0.69211334,0.48375496,0.35046774,0.6490831,0.4451987,0.65183115,0.7350589,0.5264834
0.52816147,0.5310578,0.56543934,0.42904568,0.34373197,0.62243426,0.51711917,0.415469,0.3473946,0.51010495
0.69536054,0.48270416,0.5246503,0.48856553,0.44079104,0.4424806,0.5130047,0.49015927,0.41474876,0.42051926
0.2169213,0.01529216,0.2005313,0.35704848,0.2676158,0.23765036,0.2141009,0.19142029,0.28154022,0.34377182
0.2169213,0.01529216,0.2005313,0.35704848,0.2676158,0.23765036,0.2141009,0.19142029,0.28154022,0.34377182
0.21193123,0.011485837,0.20104045,0.35621402,0.2669273,0.23566517,0.2102148,0.1907418,0.28142458,0.34334502
0.21188122,0.01147183,0.20103914,0.3562085,0.26692483,0.23564719,0.21016651,0.19074208,0.28142452,0.34334207
0.21188073,0.011471771,0.20103915,0.35620844,0.2669248,0.23564702,0.21016592,0.19074208,0.28142452,0.34334204
0.21188071,0.011471771,0.20103915,0.35620844,0.2669248,0.23564702,0.21016592,0.19074208,0.28142452,0.34334204
0.21188074,0.011471771,0.20103915,0.35620844,0.2669248,0.23564702,0.21016592,0.19074208,0.28142452,0.34334204
0.21188073,0.011471771,0.20103915,0.35620844,0.2669248,0.23564702,0.21016592,0.19074208,0.28142452,0.34334204
0.21188071,0.011471771,0.20103915,0.35620844,0.2669248,0.23564702,0.21016592,0.19074208,0.28142452,0.34334204
0.21188074,0.011471771,0.20103915,0.35620844,0.2669248,0.23564702,0.21016592,0.19074208,0.28142452,0.34334204
0.21188073,0.011471771,0.20103915,0.35620844,0.2669248,0.23564702,0.21016592,0.19074208,0.28142452,0.34334204
0.21188071,0.011471771,0.20103915,0.35620844,0.2669248,0.23564702,0.21016592,0.19074208,0.28142452,0.34334204
0.21188074,0.011471771,0.20103915,0.35620844,0.2669248,0.23564702,0.21016592,0.19074208,0.28142452,0.34334204
0.21188073,0.011471771,0.20103915,0.35620844,0.2669248,0.23564702,0.21016592,0.19074208,0.28142452,0.34334204
0.21188071,0.011471771,0.20103915,0.35620844,0.2669248,0.23564702,0.21016592,0.19074208,0.28142452,0.34334204
0.21188074,0.011471771,0.20103915,0.35620844,0.2669248,0.23564702,0.21016592,0.19074208,0.28142452,0.34334204
0.21188073,0.011471771,0.20103915,0.35620844,0.2669248,0.23564702,0.21016592,0.19074208,0.28142452,0.34334204
0.21188071,0.011471771,0.20103915,0.35620844,0.2669248,0.23564702,0.21016592,0.19074208,0.28142452,0.34334204
0.21188074,0.011471771,0.20103915,0.35620844,0.2669248,0.23564702,0.21016592,0.19074208,0.28142452,0.34334204
0.21188073,0.011471771,0.20103915,0.35620844,0.2669248,0.23564702,0.21016592,0.19074208,0.28142452,0.34334204
0.21188071,0.011471771,0.20103915,0.35620844,0.2669248,0.23564702,0.21016592,0.19074208,0.28142452,0.34334204
0.48956755,0.5540028,0.47463492,0.67789066,0.19934417,0.4002923,0.36027727,0.5323093,0.44322607,0.468943
0.26505333,0.5789116,0.38941982,0.42426857,0.38785413,0.5490239,0.43037486,0.657301,0.34380263,0.41172373
0.54241997,0.3023651,0.5102103,0.4895484,0.21181884,0.7082653,0.51729816,0.5570469,0.2305238,0.41498438
0.6740756,0.3534026,0.41447255,0.43538985,0.4195537,0.54184,0.48153242,0.3613853,0.3905247,0.5580517
0.5384761,0.3677172,0.36586076,0.4930585,0.58628404,0.35013887,0.43389612,0.51441723,0.4521739,0.5499826
0.5437948,0.3247733,0.5235751,0.2654875,0.48735553,0.41780373,0.5213413,0.36320257,0.5948258,0.6181903
0.4312175,0.34637538,0.64520174,0.5622844,0.40308252,0.39227986,0.41285962,0.5168199,0.38217202,0.6078485
0.6095446,0.3900553,0.51918685,0.24337254,0.4172306,0.5379687,0.5201748,0.512519,0.38221568,0.29920635
0.40386945,0.41376498,0.42999715,0.3971509,0.06291033,0.4859144,0.4496012,0.489528,0.28689954,0.5978495
0.61293316,0.23943514,0.4515005,0.44531664,0.37657663,0.44964084,0.42135704,0.2494291,0.29227588,0.37672105
0.7247557,0.2535215,0.5600341,0.30601433,0.168145,0.34768632,0.2988369,0.40334493,0.2377948,0.47539732
0.53334445,0.08519343,0.3302137,0.38690382,0.3071687,0.33482164,0.31924942,0.38326728,0.19261727,0.46958953
0.5877498,0.1215491,0.5264267,0.3148967,0.59123385,0.21891102,0.3423893,0.3145931,0.24406208,0.26700735
0.06419281,0.27508292,0.40656608,0.38151115,0.38244474,0.36229816,0.21658541,0.3530857,0.50504774,0.44652823
0.42141137,0.22036046,0.16863848,0.33896586,0.31252706,0.40610904,0.32209116,0.21914138,0.3735924,0.2418499
0.4290536,0.17609878,0.49865854,0.345994,0.22412482,0.29991585,0.16205265,0.21336381,0.36183277,0.5325137
0.37786376,0.20804597,0.4210521,0.331905,0.47598985,0.41933343,0.3142691,0.32723606,0.16319846,0.4941052
0.5891311,0.19370078,0.36267075,0.5692178,0.48525554,0.2746321,0.4153312,0.2159042,0.30135572,0.5179327
0.37277678,0.1912031,0.54397196,0.13476944,0.6934073,0.26028278,0.35365295,0.450642,0.2884288,0.34451196
0.21353275,0.012471013,0.20051935,0.3548165,0.26861253,0.23587021,0.21198365,0.19128275,0.2814284,0.34335014
0.21353275,0.012471013,0.20051935,0.3548165,0.26861253,0.23587021,0.21198365,0.19128275,0.2814284,0.34335014
0.21189731,0.011475436,0.20104048,0.3561992,0.26693094,0.23564905,0.2101885,0.19074187,0.28142452,0.34334207
0.21188089,0.011471786,0.20103914,0.35620838,0.26692483,0.23564704,0.21016619,0.19074208,0.28142452,0.34334204
0.21188074,0.011471771,0.20103915,0.35620844,0.2669248,0.23564702,0.21016592,0.19074208,0.28142452,0.34334204
0.21188073,0.011471771,0.20103915,0.35620844,0.2669248,0.23564702,0.21016592,0.19074208,0.28142452,0.34334204
0.21188071,0.011471771,0.20103915,0.35620844,0.2669248,0.23564702,0.21016592,0.19074208,0.28142452,0.34334204
0.21188074,0.011471771,0.20103915,0.35620844,0.2669248,0.23564702,0.21016592,0.19074208,0.28142452,0.34334204
0.21188073,0.011471771,0.20103915,0.35620844,0.2669248,0.23564702,0.21016592,0.19074208,0.28142452,0.34334204
0.21188071,0.011471771,0.20103915,0.35620844,0.2669248,0.23564702,0.21016592,0.19074208,0.28142452,0.34334204
0.21188074,0.011471771,0.20103915,0.35620844,0.2669248,0.23564702,0.21016592,0.19074208,0.28142452,0.34334204
0.21188073,0.011471771,0.20103915,0.35620844,0.2669248,0.23564702,0.21016592,0.19074208,0.28142452,0.34334204
0.21188071,0.011471771,0.20103915,0.35620844,0.2669248,0.23564702,0.21016592,0.19074208,0.28142452,0.34334204
0.21188074,0.011471771,0.20103915,0.35620844,0.2669248,0.23564702,0.21016592,0.19074208,0.28142452,0.34334204
0.21188073,0.011471771,0.20103915,0.35620844,0.2669248,0.23564702,0.21016592,0.19074208,0.28142452,0.34334204
0.21188071,0.011471771,0.20103915,0.35620844,0.2669248,0.23564702,0.21016592,0.19074208,0.28142452,0.34334204
0.21188074,0.011471771,0.20103915,0.35620844,0.2669248,0.23564702,0.21016592,0.19074208,0.28142452,0.34334204
0.21188073,0.011471771,0.20103915,0.35620844,0.2669248,0.23564702,0.21016592,0.19074208,0.28142452,0.34334204
0.21188071,0.011471771,0.20103915,0.35620844,0.2669248,0.23564702,0.21016592,0.19074208,0.28142452,0.34334204
0.21188074,0.011471771,0.20103915,0.35620844,0.2669248,0.23564702,0.21016592,0.19074208,0.28142452,0.34334204
0.21188073,0.011471771,0.20103915,0.35620844,0.2669248,0.23564702,0.21016592,0.19074208,0.28142452,0.34334204
0.4117625,0.40228954,0.56553274,0.4310013,0.44025528,0.52386266,0.41050434,0.39841694,0.35198957,0.49421474
0.3727588,0.35481697,0.44784144,0.5002306,0.52220505,0.59828186,0.5369228,0.44542694,0.32717288,0.5578395
0.6708017,0.4742813,0.49391848,0.73906654,0.62886995,0.42429796,0.42856026,0.6412151,0.5493804,0.61795646
0.30168912,0.4453253,0.37291953,0.3660887,0.6457505,0.5254191,0.65407807,0.74288076,0.5700895,0.379483
0.40404063,0.4785374,0.6301965,0.5243235,0.54438037,0.73273146,0.6104346,0.40446553,0.5162023,0.64922935
0.72528297,0.73936254,0.64379734,0.72016287,0.34266073,0.42696255,0.5590477,0.5764074,0.5724469,0.62798685
0.623646,0.72533005,0.4082939,0.6762266,0.6361392,0.47346947,0.54435074,0.6244225,0.6059058,0.4480281
0.3030597,0.72047657,0.4676688,0.6014668,0.54581577,0.64863575,0.73137134,0.7734782,0.76582944,0.62720966
0.61701035,0.74900275,0.8528258,0.26283482,0.4509788,0.5901634,0.65624243,0.5589009,0.41080046,0.48520717
0.4694841,0.563033,0.62527436,0.5109342,0.4477643,0.6756812,0.5954366,0.6874958,0.71050805,0.57097214
0.4675653,0.56291443,0.698837,0.3971918,0.4152795,0.5784663,0.61185294,0.5914327,0.54201,0.535801
0.7029181,0.628105,0.6009547,0.5678281,0.43583196,0.5335565,0.43096656,0.50843024,0.6235622,0.53671277
0.32211694,0.51576203,0.5605742,0.3663854,0.33417812,0.39913106,0.5546008,0.58819485,0.5392787,0.42817512
0.5942619,0.46487162,0.5107908,0.51524687,0.5128702,0.55165035,0.50433856,0.54458714,0.4077633,0.675295
0.42282382,0.58135337,0.6665373,0.4907628,0.45602235,0.5412836,0.66061985,0.41077992,0.55555564,0.581154
0.49046353,0.551246,0.735532,0.35768038,0.50782126,0.49122894,0.5097505,0.6046496,0.35473296,0.44908842
0.45453298,0.51504004,0.5059096,0.3699319,0.52223027,0.7904382,0.47581145,0.59530336,0.7074866,0.5782233
0.6285626,0.61841536,0.5932885,0.5342186,0.3724017,0.5638282,0.5746676,0.4937781,0.46730387,0.63186187
0.569731,0.59526193,0.57708246,0.77181715,0.4313297,0.66636944,0.4922285,0.5425638,0.4959815,0.5079991
0.21563096,0.016337521,0.20050003,0.359111,0.26757786,0.24002108,0.2138249,0.1915946,0.28165156,0.34427223
0.21563096,0.016337521,0.20050003,0.359111,0.26757786,0.24002108,0.2138249,0.1915946,0.28165156,0.34427223
0.21191831,0.011489682,0.20104054,0.35622773,0.26692718,0.23568669,0.21021137,0.19074178,0.28142464,0.34334847
0.2118811,0.011471845,0.20103914,0.3562086,0.2669248,0.23564738,0.21016648,0.19074208,0.28142452,0.34334207
0.21188074,0.011471771,0.20103915,0.35620844,0.2669248,0.23564702,0.21016592,0.19074208,0.28142452,0.34334204
0.21188073,0.011471771,0.20103915,0.35620844,0.2669248,0.23564702,0.21016592,0.19074208,0.28142452,0.34334204
0.21188071,0.011471771,0.20103915,0.35620844,0.2669248,0.23564702,0.21016592,0.19074208,0.28142452,0.34334204
0.21188074,0.011471771,0.20103915,0.35620844,0.2669248,0.23564702,0.21016592,0.19074208,0.28142452,0.34334204
0.21188073,0.011471771,0.20103915,0.35620844,0.2669248,0.23564702,0.21016592,0.19074208,0.28142452,0.34334204
0.21188071,0.011471771,0.20103915,0.35620844,0.2669248,0.23564702,0.21016592,0.19074208,0.28142452,0.34334204
0.21188074,0.011471771,0.20103915,0.35620844,0.2669248,0.23564702,0.21016592,0.19074208,0.28142452,0.34334204
0.21188073,0.011471771,0.20103915,0.35620844,0.2669248,0.23564702,0.21016592,0.19074208,0.28142452,0.34334204
0.21188071,0.011471771,0.20103915,0.35620844,0.2669248,0.23564702,0.21016592,0.19074208,0.28142452,0.34334204
0.21188074,0.011471771,0.20103915,0.35620844,0.2669248,0.23564702,0.21016592,0.19074208,0.28142452,0.34334204
0.21188073,0.011471771,0.20103915,0.35620844,0.2669248,0.23564702,0.21016592,0.19074208,0.28142452,0.34334204
0.21188071,0.011471771,0.20103915,0.35620844,0.2669248,0.23564702,0.21016592,0.19074208,0.28142452,0.34334204
0.21188074,0.011471771,0.20103915,0.35620844,0.2669248,0.23564702,0.21016592,0.19074208,0.28142452,0.34334204
0.21188073,0.011471771,0.20103915,0.35620844,0.2669248,0.23564702,0.21016592,0.19074208,0.28142452,0.34334204
0.21188071,0.011471771,0.20103915,0.35620844,0.2669248,0.23564702,0.21016592,0.19074208,0.28142452,0.34334204
0.21188074,0.011471771,0.20103915,0.35620844,0.2669248,0.23564702,0.21016592,0.19074208,0.28142452,0.34334204
0.21188073,0.011471771,0.20103915,0.35620844,0.2669248,0.23564702,0.21016592,0.19074208,0.28142452,0.34334204
0.39839295,0.508915,0.5624558,0.44658086,0.39286748,0.7118847,0.56245714,0.485517,0.62516993,0.52600706
0.56427914,0.74474454,0.60345966,0.5249108,0.52073723,0.4286228,0.4009251,0.6199853,0.31728074,0.5254573
0.5732662,0.5945439,0.18418479,0.24384414,0.39939302,0.5977794,0.62692773,0.75865245,0.3570485,0.4920848
0.4299496,0.39767972,0.74293894,0.51415884,0.37263677,0.420104,0.63820904,0.52307117,0.37919226,0.71399176
0.5217693,0.53263235,0.4744265,0.34786835,0.2831867,0.41953573,0.47051534,0.5627804,0.42191765,0.56915146
0.29210362,0.3762707,0.694536,0.21157847,0.40347618,0.46284625,0.5116745,0.4045614,0.4476057,0.2446649
0.26496184,0.3312533,0.7483102,0.40362808,0.30502796,0.42538762,0.3928073,0.34078673,0.41043305,0.53207624
0.24758902,0.51331276,0.49900132,0.2859077,0.42521492,0.5232771,0.4076713,0.34006616,0.549086,0.4539899
0.24006058,0.49848422,0.5948302,0.88225335,0.47371382,0.38944155,0.5227047,0.379317,0.5121913,0.630738
0.58057827,0.4651993,0.6415538,0.35268503,0.57176447,0.5915131,0.5290019,0.60049045,0.34131473,0.39272535
0.4986597,0.40323183,0.63403034,0.52116555,0.7195753,0.4038732,0.53651994,0.63182807,0.65304965,0.56128883
0.3317345,0.5850636,0.48501387,0.51681787,0.6001748,0.5687496,0.51988,0.5077396,0.3208467,0.5723825
0.5328209,0.48445258,0.6612516,0.4068198,0.6454969,0.6338186,0.71904165,0.5899749,0.59652,0.45873705
0.3719015,0.475632,0.6351896,0.50514525,0.38883558,0.63390726,0.62176806,0.5258178,0.70198977,0.6106674
0.7084676,0.46539006,0.66988033,0.6606122,0.5141537,0.54339516,0.61290205,0.45397124,0.5501373,0.5704106
0.6784795,0.54577476,0.59667265,0.4877714,0.40334374,0.5649438,0.58262575,0.6270777,0.6051515,0.47865853
0.60799325,0.44373265,0.60130274,0.615131,0.48447496,0.48542184,0.48178688,0.5876207,0.40935794,0.5777598
0.57320255,0.42367548,0.69735056,0.50713384,0.5244071,0.44353887,0.5221608,0.587966,0.4422128,0.4696962
0.5845008,0.48385832,0.42938682,0.3578582,0.3094591,0.67901886,0.53947765,0.42349598,0.23040798,0.63490844
0.21578142,0.015303664,0.20058978,0.3562194,0.2670826,0.24014303,0.2144494,0.19118845,0.28139877,0.34513673
0.21578142,0.015303664,0.20058978,0.3562194,0.2670826,0.24014303,0.2144494,0.19118845,0.28139877,0.34513673
0.21191981,0.011485867,0.2010403,0.35620853,0.26692536,0.23568779,0.21021913,0.19074193,0.28142452,0.34335446
0.21188113,0.01147183,0.20103914,0.35620844,0.2669248,0.23564738,0.21016657,0.19074208,0.28142452,0.34334213
0.21188073,0.011471771,0.20103915,0.35620844,0.2669248,0.23564702,0.21016592,0.19074208,0.28142452,0.34334204
0.21188071,0.011471771,0.20103915,0.35620844,0.2669248,0.23564702,0.21016592,0.19074208,0.28142452,0.34334204
0.21188074,0.011471771,0.20103915,0.35620844,0.2669248,0.23564702,0.21016592,0.19074208,0.28142452,0.34334204
0.21188073,0.011471771,0.20103915,0.35620844,0.2669248,0.23564702,0.21016592,0.19074208,0.28142452,0.34334204
0.21188071,0.011471771,0.20103915,0.35620844,0.2669248,0.23564702,0.21016592,0.19074208,0.28142452,0.34334204
0.21188074,0.011471771,0.20103915,0.35620844,0.2669248,0.23564702,0.21016592,0.19074208,0.28142452,0.34334204
0.21188073,0.011471771,0.20103915,0.35620844,0.2669248,0.23564702,0.21016592,0.19074208,0.28142452,0.34334204
0.21188071,0.011471771,0.20103915,0.35620844,0.2669248,0.23564702,0.21016592,0.19074208,0.28142452,0.34334204
0.21188074,0.011471771,0.20103915,0.35620844,0.2669248,0.23564702,0.21016592,0.19074208,0.28142452,0.34334204
0.21188073,0.011471771,0.20103915,0.35620844,0.2669248,0.23564702,0.21016592,0.19074208,0.28142452,0.34334204
0.21188071,0.011471771,0.20103915,0.35620844,0.2669248,0.23564702,0.21016592,0.19074208,0.28142452,0.34334204
0.21188074,0.011471771,0.20103915,0.35620844,0.2669248,0.23564702,0.21016592,0.19074208,0.28142452,0.34334204
0.21188073,0.011471771,0.20103915,0.35620844,0.2669248,0.23564702,0.21016592,0.19074208,0.28142452,0.34334204
0.21188071,0.011471771,0.20103915,0.35620844,0.2669248,0.23564702,0.21016592,0.19074208,0.28142452,0.34334204
0.21188074,0.011471771,0.20103915,0.35620844,0.2669248,0.23564702,0.21016592,0.19074208,0.28142452,0.34334204
0.21188073,0.011471771,0.20103915,0.35620844,0.2669248,0.23564702,0.21016592,0.19074208,0.28142452,0.34334204
0.21188071,0.011471771,0.20103915,0.35620844,0.2669248,0.23564702,0.21016592,0.19074208,0.28142452,0.34334204
0.420456,0.46852216,0.5389128,0.44153085,0.43915263,0.57647204,0.4575552,0.5972945,0.5006055,0.44289866
0.70609784,0.49607608,0.47490135,0.34318075,0.5117362,0.60880685,0.6062388,0.42112225,0.4163399,0.4430458
0.59540427,0.47183055,0.6297385,0.7181935,0.3281031,0.3732441,0.48801696,0.42611814,0.5693268,0.4834043
0.3974548,0.504758,0.68091434,0.64796597,0.51549387,0.4991523,0.40069038,0.5180227,0.39213356,0.30902037
0.56120396,0.45312336,0.50923157,0.4872933,0.5988767,0.58639437,0.41566715,0.54541117,0.5312773,0.5229591
0.6277813,0.5362317,0.7750053,0.55063075,0.67850965,0.7501885,0.558989,0.5769418,0.34795207,0.8154244
0.8765387,0.482118,0.5132656,0.44223958,0.5813341,0.78761023,0.76274973,0.63780767,0.6255435,0.58217376
0.58690363,0.51907897,0.8445355,0.4040696,0.5748933,0.7112347,0.6540307,0.67758363,0.6121174,0.62882006
0.680277,0.51170474,0.6085692,0.4248654,0.4788425,0.663338,0.6109426,0.62340236,0.7523183,0.62922084
0.6178569,0.710499,0.6384559,0.5485198,0.23095413,0.5947674,0.5509093,0.5664995,0.6128714,0.51239467
0.71428615,0.6917024,0.48875493,0.22307687,0.35153818,0.40641376,0.55931497,0.5671269,0.35517603,0.44051647
0.22784671,0.35779464,0.5521849,0.41855425,0.34527373,0.5259345,0.62356436,0.61291885,0.49039057,0.41814235
0.6028553,0.4472654,0.6804284,0.54560775,0.38214955,0.5322685,0.41180578,0.44157818,0.3945434,0.4174961
0.4515022,0.46251884,0.48012185,0.41214466,0.57553196,0.5389161,0.50136703,0.54408085,0.54419005,0.63549083
0.6083048,0.45890766,0.5209173,0.48887107,0.5776348,0.51499987,0.5535933,0.8065346,0.63830614,0.43841088
0.4294284,0.6176713,0.5228973,0.38171434,0.4386606,0.6089153,0.6298682,0.53145045,0.5904592,0.42357928
0.64504284,0.68219405,0.5846787,0.54275066,0.64311373,0.51212716,0.5461851,0.5015261,0.80433375,0.6461058
0.4435112,0.73574585,0.44624472,0.5821714,0.64789724,0.6963438,0.6172507,0.77178484,0.7152972,0.543604
0.59257543,0.92604905,0.6554319,0.7554377,0.43715435,0.7506478,0.75763625,0.68861514,0.81125224,0.7084864
0.21586359,0.019705005,0.20046085,0.35898596,0.26760125,0.24085873,0.2173498,0.1921159,0.28260314,0.34570324
0.21586359,0.019705005,0.20046085,0.35898596,0.26760125,0.24085873,0.2173498,0.1921159,0.28260314,0.34570324
0.21192065,0.011502065,0.20104063,0.35622692,0.26692727,0.23569429,0.21025518,0.1907416,0.28142518,0.3433584
0.21188113,0.01147189,0.20103914,0.35620856,0.26692483,0.23564744,0.21016702,0.19074208,0.28142452,0.34334216
0.21188073,0.011471771,0.20103915,0.35620844,0.2669248,0.23564702,0.21016592,0.19074208,0.28142452,0.34334204
0.21188071,0.011471771,0.20103915,0.35620844,0.2669248,0.23564702,0.21016592,0.19074208,0.28142452,0.34334204
0.21188074,0.011471771,0.20103915,0.35620844,0.2669248,0.23564702,0.21016592,0.19074208,0.28142452,0.34334204
0.21188073,0.011471771,0.20103915,0.35620844,0.2669248,0.23564702,0.21016592,0.19074208,0.28142452,0.34334204
0.21188071,0.011471771,0.20103915,0.35620844,0.2669248,0.23564702,0.21016592,0.19074208,0.28142452,0.34334204
0.21188074,0.011471771,0.20103915,0.35620844,0.2669248,0.23564702,0.21016592,0.19074208,0.28142452,0.34334204
0.21188073,0.011471771,0.20103915,0.35620844,0.2669248,0.23564702,0.21016592,0.19074208,0.28142452,0.34334204
0.21188071,0.011471771,0.20103915,0.35620844,0.2669248,0.23564702,0.21016592,0.19074208,0.28142452,0.34334204
0.21188074,0.011471771,0.20103915,0.35620844,0.2669248,0.23564702,0.21016592,0.19074208,0.28142452,0.34334204
0.21188073,0.011471771,0.20103915,0.35620844,0.2669248,0.23564702,0.21016592,0.19074208,0.28142452,0.34334204
0.21188071,0.011471771,0.20103915,0.35620844,0.2669248,0.23564702,0.21016592,0.19074208,0.28142452,0.34334204
0.21188074,0.011471771,0.20103915,0.35620844,0.2669248,0.23564702,0.21016592,0.19074208,0.28142452,0.34334204
0.21188073,0.011471771,0.20103915,0.35620844,0.2669248,0.23564702,0.21016592,0.19074208,0.28142452,0.34334204
0.21188071,0.011471771,0.20103915,0.35620844,0.2669248,0.23564702,0.21016592,0.19074208,0.28142452,0.34334204
0.21188074,0.011471771,0.20103915,0.35620844,0.2669248,0.23564702,0.21016592,0.19074208,0.28142452,0.34334204
0.21188073,0.011471771,0.20103915,0.35620844,0.2669248,0.23564702,0.21016592,0.19074208,0.28142452,0.34334204
0.21188071,0.011471771,0.20103915,0.35620844,0.2669248,0.23564702,0.21016592,0.19074208,0.28142452,0.34334204
0.37427613,0.5905722,0.65530986,0.25966156,0.4610897,0.6819097,0.60051954,0.69603306,0.6045393,0.6396963
0.7791181,0.54654205,0.604726,0.5031427,0.59312975,0.67589766,0.6687198,0.39094192,0.47521678,0.4424983
0.48838457,0.577959,0.56982195,0.5536117,0.5645851,0.52517384,0.569367,0.65847075,0.44495833,0.65936434
0.57047594,0.48639292,0.59181684,0.5314516,0.44646564,0.6492008,0.64574224,0.5648754,0.430466,0.54338765
0.6949859,0.4934977,0.82679003,0.727641,0.33931136,0.61521065,0.5403493,0.68098783,0.40869346,0.4704054
0.51002043,0.6110776,0.73230404,0.5574204,0.46679118,0.5745816,0.531126,0.55393934,0.47334427,0.4558704
0.5524468,0.62630874,0.5584754,0.43809783,0.5795147,0.5209349,0.5931702,0.6308958,0.6504283,0.6759019
0.74392956,0.5099102,0.6644321,0.3592904,0.44843456,0.5151977,0.7576701,0.5726108,0.5140942,0.6379314
0.8277039,0.3943039,0.78845084,0.44024423,0.34434986,0.62581205,0.62345856,0.63813376,0.29504362,0.6013737
0.44998237,0.23504418,0.6272223,0.80965054,0.31790715,0.8035285,0.5302092,0.54394776,0.33976468,0.60026705
0.82773304,0.46489856,0.48571596,0.43797928,0.63768035,0.5696767,0.38519597,0.531505,0.17542326,0.67212903
0.5558242,0.49719596,0.41778597,0.6148657,0.51349145,0.6081044,0.5662535,0.77897835,0.5924141,0.6416545
0.43109104,0.6379605,0.6383845,0.6447511,0.56443083,0.6523295,0.54645693,0.6983499,0.43037525,0.59181994
0.5931253,0.738597,0.68861836,0.4670468,0.6346,0.58157015,0.6206495,0.6039848,0.6898992,0.78716636
0.76720595,0.83871526,0.6934047,0.573617,0.41593367,0.5786423,0.7075105,0.67423403,0.5692947,0.74491113
0.6830975,0.6413452,0.6594351,0.5463,0.34697342,0.78260374,0.72587913,0.7598704,0.6125097,0.41864994
0.6089874,0.65112966,0.64114445,0.75862014,0.38090453,0.6007472,0.6341073,0.5831707,0.75585103,0.56924784
0.73403794,0.7355313,0.58870316,0.40897152,0.6550232,0.57828695,0.44074985,0.6315717,0.34346524,0.6377855
0.5308818,0.6156009,0.48778063,0.6065922,1.0,0.72381145,0.65754724,0.8197812,0.8223871,0.5309381
0.21523908,0.016523756,0.20055458,0.3578598,0.2702338,0.24058288,0.21599346,0.19261552,0.2826475,0.344414
0.21523908,0.016523756,0.20055458,0.3578598,0.2702338,0.24058288,0.21599346,0.19261552,0.2826475,0.344414
0.21191439,0.011490367,0.20104039,0.3562194,0.2669368,0.23569179,0.21023831,0.19074157,0.2814252,0.34334946
0.21188107,0.011471845,0.20103914,0.35620853,0.26692486,0.23564741,0.21016681,0.19074208,0.28142452,0.34334207
0.21188071,0.011471771,0.20103915,0.35620844,0.2669248,0.23564702,0.21016592,0.19074208,0.28142452,0.34334204
0.21188074,0.011471771,0.20103915,0.35620844,0.2669248,0.23564702,0.21016592,0.19074208,0.28142452,0.34334204
0.21188073,0.011471771,0.20103915,0.35620844,0.2669248,0.23564702,0.21016592,0.19074208,0.28142452,0.34334204
0.21188071,0.011471771,0.20103915,0.35620844,0.2669248,0.23564702,0.21016592,0.19074208,0.28142452,0.34334204
0.21188074,0.011471771,0.20103915,0.35620844,0.2669248,0.23564702,0.21016592,0.19074208,0.28142452,0.34334204
0.21188073,0.011471771,0.20103915,0.35620844,0.2669248,0.23564702,0.21016592,0.19074208,0.28142452,0.34334204
0.21188071,0.011471771,0.20103915,0.35620844,0.2669248,0.23564702,0.21016592,0.19074208,0.28142452,0.34334204
0.21188074,0.011471771,0.20103915,0.35620844,0.2669248,0.23564702,0.21016592,0.19074208,0.28142452,0.34334204
0.21188073,0.011471771,0.20103915,0.35620844,0.2669248,0.23564702,0.21016592,0.19074208,0.28142452,0.34334204
0.21188071,0.011471771,0.20103915,0.35620844,0.2669248,0.23564702,0.21016592,0.19074208,0.28142452,0.34334204
0.21188074,0.011471771,0.20103915,0.35620844,0.2669248,0.23564702,0.21016592,0.19074208,0.28142452,0.34334204
0.21188073,0.011471771,0.20103915,0.35620844,0.2669248,0.23564702,0.21016592,0.19074208,0.28142452,0.34334204
0.21188071,0.011471771,0.20103915,0.35620844,0.2669248,0.23564702,0.21016592,0.19074208,0.28142452,0.34334204
0.21188074,0.011471771,0.20103915,0.35620844,0.2669248,0.23564702,0.21016592,0.19074208,0.28142452,0.34334204
0.21188073,0.011471771,0.20103915,0.35620844,0.2669248,0.23564702,0.21016592,0.19074208,0.28142452,0.34334204
0.21188071,0.011471771,0.20103915,0.35620844,0.2669248,0.23564702,0.21016592,0.19074208,0.28142452,0.34334204
0.21188074,0.011471771,0.20103915,0.35620844,0.2669248,0.23564702,0.21016592,0.19074208,0.28142452,0.34334204
0.6083048,0.45890766,0.5209173,0.48887107,0.5776348,0.51499987,0.5535933,0.8065346,0.63830614,0.43841088
0.4294284,0.6176713,0.5228973,0.38171434,0.4386606,0.6089153,0.6298682,0.53145045,0.5904592,0.42357928
0.64504284,0.68219405,0.5846787,0.54275066,0.64311373,0.51212716,0.5461851,0.5015261,0.80433375,0.6461058
0.4435112,0.73574585,0.44624472,0.5821714,0.64789724,0.6963438,0.6172507,0.77178484,0.7152972,0.543604
0.59257543,0.92604905,0.6554319,0.7554377,0.43715435,0.7506478,0.75763625,0.68861514,0.81125224,0.7084864
0.9294689,0.88972026,0.7340392,0.70210576,0.6137677,0.67405987,0.6882238,0.8914151,0.68165916,0.5090193
0.7563942,0.7969885,0.80703,0.48132774,0.31446344,0.60351086,0.7978468,0.92311895,0.6097696,0.5513371
0.71949506,0.6631733,0.93971896,0.32066724,0.40133172,0.8077719,0.726687,0.8323121,0.42514518,0.642659
0.76638395,0.646901,0.6214663,0.71608526,0.3400442,0.76839256,0.6402687,0.5004185,0.40535706,0.56663454
0.8506949,0.49423024,0.7318529,0.504723,0.5463608,0.33314776,0.49549097,0.72389305,0.41395876,0.38760015
0.47935846,0.48481688,0.38710177,0.329288,0.35744178,0.7679085,0.5980342,0.6708184,0.43109244,0.21503614
0.44044533,0.4693362,0.5809784,0.51199627,0.37729067,0.27440858,0.38178357,0.50798357,0.3342705,0.5042189
0.19476515,0.24717376,0.39884293,0.31643823,0.34171513,0.5160877,0.4304208,0.49418312,0.60237336,0.43881735
0.4666208,0.4161604,0.41040874,0.53845537,0.35689002,0.44733146,0.41280222,0.18583909,0.2681684,0.59133476
0.5788635,0.34039134,0.30786574,0.61717904,0.48576754,0.2596168,0.2868909,0.46719828,0.38415146,0.5535341
0.49289107,0.395011,0.5771081,0.3607299,0.5337381,0.5779436,0.48603842,0.48769313,0.424673,0.43201727
0.8372528,0.37664345,0.49417007,0.32606512,0.55098385,0.63371617,0.4088167,0.4360161,0.5202141,0.48168483
0.6281691,0.52667385,0.41561204,0.4052606,0.27041128,0.57518405,0.55582947,0.5752023,0.5017431,0.7690864
0.76983315,0.46073306,0.7863455,0.3617044,0.07500359,0.46242693,0.5623502,0.45687613,0.42808473,0.5869745
0.21769956,0.015074246,0.20043173,0.3562452,0.2662416,0.23787278,0.21474834,0.19130448,0.28155673,0.34478667
0.21769956,0.015074246,0.20043173,0.3562452,0.2662416,0.23787278,0.21474834,0.19130448,0.28155673,0.34478667
0.21193902,0.011485033,0.20104071,0.35620868,0.26692232,0.2356672,0.21022284,0.19074187,0.2814246,0.34335205
0.21188131,0.011471815,0.20103914,0.35620844,0.2669248,0.2356472,0.2101666,0.19074208,0.28142452,0.34334213
0.21188073,0.011471771,0.20103915,0.35620844,0.2669248,0.23564702,0.21016592,0.19074208,0.28142452,0.34334204
0.21188071,0.011471771,0.20103915,0.35620844,0.2669248,0.23564702,0.21016592,0.19074208,0.28142452,0.34334204
0.21188074,0.011471771,0.20103915,0.35620844,0.2669248,0.23564702,0.21016592,0.19074208,0.28142452,0.34334204
0.21188073,0.011471771,0.20103915,0.35620844,0.2669248,0.23564702,0.21016592,0.19074208,0.28142452,0.34334204
0.21188071,0.011471771,0.20103915,0.35620844,0.2669248,0.23564702,0.21016592,0.19074208,0.28142452,0.34334204
0.21188074,0.011471771,0.20103915,0.35620844,0.2669248,0.23564702,0.21016592,0.19074208,0.28142452,0.34334204
0.21188073,0.011471771,0.20103915,0.35620844,0.2669248,0.23564702,0.21016592,0.19074208,0.28142452,0.34334204
0.21188071,0.011471771,0.20103915,0.35620844,0.2669248,0.23564702,0.21016592,0.19074208,0.28142452,0.34334204
0.21188074,0.011471771,0.20103915,0.35620844,0.2669248,0.23564702,0.21016592,0.19074208,0.28142452,0.34334204
0.21188073,0.011471771,0.20103915,0.35620844,0.2669248,0.23564702,0.21016592,0.19074208,0.28142452,0.34334204
0.21188071,0.011471771,0.20103915,0.35620844,0.2669248,0.23564702,0.21016592,0.19074208,0.28142452,0.34334204
0.21188074,0.011471771,0.20103915,0.35620844,0.2669248,0.23564702,0.21016592,0.19074208,0.28142452,0.34334204
0.21188073,0.011471771,0.20103915,0.35620844,0.2669248,0.23564702,0.21016592,0.19074208,0.28142452,0.34334204
0.21188071,0.011471771,0.20103915,0.35620844,0.2669248,0.23564702,0.21016592,0.19074208,0.28142452,0.34334204
0.21188074,0.011471771,0.20103915,0.35620844,0.2669248,0.23564702,0.21016592,0.19074208,0.28142452,0.34334204
0.21188073,0.011471771,0.20103915,0.35620844,0.2669248,0.23564702,0.21016592,0.19074208,0.28142452,0.34334204
0.21188071,0.011471771,0.20103915,0.35620844,0.2669248,0.23564702,0.21016592,0.19074208,0.28142452,0.34334204
0.7042771,0.5894734,0.5648538,0.4987641,0.6346399,0.59559864,0.6771549,0.57667375,0.6194872,0.812729
0.79063874,0.6582403,0.7821509,0.21930888,0.68800604,0.63443696,0.78930295,0.5807418,0.593244,0.5715985
0.7585823,0.6101874,0.8118222,0.70582974,0.5835987,0.7862442,0.6563649,0.71936095,0.6922127,0.5966114
0.74929893,0.6426245,0.59056526,0.68098825,0.6238502,0.91537553,0.5876712,0.777261,0.6110132,0.7789542
0.6868761,0.71839005,0.6712189,0.6509103,0.52813685,0.7058067,0.69845855,0.80444795,0.6686214,0.7858075
0.640614,0.7945118,0.9211677,0.57400805,0.7471058,0.79322326,0.89501,0.67990184,0.67577064,0.6854798
0.66926247,0.7552529,0.7936087,0.72612464,0.6938786,0.97336024,0.8809785,0.70750064,0.68259245,0.57247037
0.6408315,0.7594924,0.93567795,0.9030254,0.70283335,0.7076337,0.78615016,0.80242366,0.6822866,0.724187
0.72961634,0.7574428,0.79137594,0.38579455,0.7981166,0.9880312,0.77608144,0.72148484,0.72008574,0.8872349
0.91715056,0.87041116,0.864668,0.82315445,0.7040768,0.9640574,0.85325474,0.905847,0.8455347,1.0
0.823811,0.9144367,0.68267107,0.27111986,0.75699294,0.6899714,0.85492533,0.88078976,0.73109674,0.80484635
0.7336412,0.7933034,0.67050225,0.43657133,0.37044948,0.7759556,0.9514621,0.88251776,1.0,0.62101185
0.7809305,0.8024959,0.8737763,0.6220127,0.2820541,0.7495962,0.65783453,0.70817393,0.55974716,0.6176535
0.6521249,0.66242594,0.7036077,0.5420829,0.4456725,0.63517296,0.6846755,0.783602,0.517812,0.5390095
0.6122783,0.61088055,0.4820828,0.46387288,0.43266878,0.8482499,0.6229965,0.6193277,0.42786497,0.5504114
0.6304399,0.552048,0.6945374,0.34451276,0.26784235,0.44250798,0.46713743,0.6172994,0.40984207,0.6023893
0.8181333,0.3123058,0.240524,0.32576552,0.15357628,0.7678983,0.58419025,0.5724647,0.6568721,0.50516164
0.64671177,0.39038813,0.8221512,0.57311255,0.40150166,0.597054,0.45502275,0.38877738,0.38386828,0.43107662
0.67327106,0.4581366,0.4499249,0.38886324,0.5805127,0.70501685,0.41180885,0.5280664,0.4368558,0.38761246
0.21669054,0.015048526,0.20057827,0.3564313,0.26816344,0.24039367,0.21274927,0.19154684,0.28156757,0.3436054
0.21669054,0.015048526,0.20057827,0.3564313,0.26816344,0.24039367,0.21274927,0.19154684,0.28156757,0.3436054
0.21192892,0.011484943,0.20104033,0.35620993,0.2669293,0.23569006,0.21019801,0.19074178,0.2814246,0.34334385
0.21188122,0.01147183,0.20103914,0.35620847,0.2669248,0.23564741,0.2101663,0.19074208,0.28142452,0.34334204
0.21188073,0.011471771,0.20103915,0.35620844,0.2669248,0.23564702,0.21016592,0.19074208,0.28142452,0.34334204
0.21188071,0.011471771,0.20103915,0.35620844,0.2669248,0.23564702,0.21016592,0.19074208,0.28142452,0.34334204
0.21188074,0.011471771,0.20103915,0.35620844,0.2669248,0.23564702,0.21016592,0.19074208,0.28142452,0.34334204
0.21188073,0.011471771,0.20103915,0.35620844,0.2669248,0.23564702,0.21016592,0.19074208,0.28142452,0.34334204
0.21188071,0.011471771,0.20103915,0.35620844,0.2669248,0.23564702,0.21016592,0.19074208,0.28142452,0.34334204
0.21188074,0.011471771,0.20103915,0.35620844,0.2669248,0.23564702,0.21016592,0.19074208,0.28142452,0.34334204
0.21188073,0.011471771,0.20103915,0.35620844,0.2669248,0.23564702,0.21016592,0.19074208,0.28142452,0.34334204
0.21188071,0.011471771,0.20103915,0.35620844,0.2669248,0.23564702,0.21016592,0.19074208,0.28142452,0.34334204
0.21188074,0.011471771,0.20103915,0.35620844,0.2669248,0.23564702,0.21016592,0.19074208,0.28142452,0.34334204
0.21188073,0.011471771,0.20103915,0.35620844,0.2669248,0.23564702,0.21016592,0.19074208,0.28142452,0.34334204
0.21188071,0.011471771,0.20103915,0.35620844,0.2669248,0.23564702,0.21016592,0.19074208,0.28142452,0.34334204
0.21188074,0.011471771,0.20103915,0.35620844,0.2669248,0.23564702,0.21016592,0.19074208,0.28142452,0.34334204
0.21188073,0.011471771,0.20103915,0.35620844,0.2669248,0.23564702,0.21016592,0.19074208,0.28142452,0.34334204
0.21188071,0.011471771,0.20103915,0.35620844,0.2669248,0.23564702,0.21016592,0.19074208,0.28142452,0.34334204
0.21188074,0.011471771,0.20103915,0.35620844,0.2669248,0.23564702,0.21016592,0.19074208,0.28142452,0.34334204
0.21188073,0.011471771,0.20103915,0.35620844,0.2669248,0.23564702,0.21016592,0.19074208,0.28142452,0.34334204
0.21188071,0.011471771,0.20103915,0.35620844,0.2669248,0.23564702,0.21016592,0.19074208,0.28142452,0.34334204
